2.073942874399325453e-01 4.880268493249677042e-01 7.485212313199463008e-02 1.970171229352270792e-01 -8.292298899759632802e-02 -6.483306827718474108e-02 1.063862386616230893e+00 1.091718884953467583e-01 1.177535649463233858e+00 3.384283504461929049e-01
-3.479916480898236353e-01 -8.800134451008484460e-02 -4.446163691021436798e-02 2.089157511972913051e-01 -1.025165551050127438e-01 -8.370321323605375285e-01 -6.713334900559297935e-02 9.703578454396614150e-01 -2.308337044507304814e-01 -5.031199947812262652e-01
-1.589233823264297740e-01 -8.313450312008020815e-02 -1.651193748124651639e-01 -5.433995714499375573e-01 -6.538868990362582956e-01 -4.986971929211882482e-01 1.981990792110382316e+00 1.010367633395709702e-01 -3.913400184182870833e-01 -3.593223823365441771e-01
-2.673782357936229648e-01 -3.804241406543571458e-01 9.712294848287554849e-01 2.236596414590576454e-01 -1.092217122373631444e+00 -5.362556498876634992e-01 -1.322837797272835292e-01 7.885609286891658298e-01 2.944902973492066756e-01 1.129076492142709054e-01
-5.320444896284612923e-01 -4.867314267827361762e-01 -1.207880248971383130e+00 3.143462943697486554e-03 -7.215898674757319498e-01 6.483103362406846815e-01 -4.447259679206307936e-01 1.434482551592036526e+00 -6.611218434248947728e-01 -3.761345253197572736e-01
-7.684720874312518137e-03 1.495009305900513175e-01 -2.533131139230894724e-01 -8.437388038479401997e-01 -1.232702627746593560e+00 3.896115892278730064e-02 -9.893566431911769987e-01 3.596099408578700696e-01 -4.395669940825249200e-01 1.402737216468980197e+00
6.110480865226350367e-02 -8.357780620406001226e-01 1.303541090281173653e-01 -8.317488254627142252e-01 -5.181322785908633044e-01 -5.273898254947489983e-01 4.683503284375724607e-01 1.287824381531139872e+00 -7.828071389287900583e-01 4.524771832312490250e-01
-5.700649861322777401e-01 -5.893510217259265715e-01 -5.019797963542340646e-01 9.779120203956074286e-01 5.599933027474884861e-01 -2.788619463112327890e-01 -3.365588421319206103e-01 -6.140704548948753283e-01 -3.961792564542622741e-01 -7.939982635791681398e-01
3.862900473507295263e-01 2.633532684345885611e-01 -1.268639634398551486e-01 4.321425005803642416e-01 -9.046579786779225529e-02 -6.259347461102950927e-01 4.319262593732390854e-01 4.460481341144967860e-01 -6.358903019258916878e-01 9.024168140007724492e-01
-1.480703505586111746e-01 3.998289420849426290e-01 -2.295545844588104123e-01 1.150466647676967324e-01 -1.031196459766031026e+00 -1.807123617385321401e-01 -1.148009688864037425e+00 4.519763960023481242e-01 -2.655156311073098019e-01 -2.165719469063820957e-01
-8.329039331859621198e-01 -1.339935584205973196e-01 -9.492207840203792379e-01 -1.130553345186668723e+00 1.469463468761831870e-01 -1.658796807920760730e-02 7.295562557018095973e-01 6.620147959257473014e-01 2.311623518835657226e-02 1.690666559939286162e-01
5.545699248946266424e-01 3.308985149001263393e-01 2.677429802454127095e-01 -9.829101302198135770e-02 -9.433155656743771877e-02 3.815136562913438167e-01 1.273515170396076757e+00 -4.959222848573471287e-01 1.296201209965698598e-01 -4.289396999006153677e-01
-7.258485849167637394e-01 -1.133592761049868475e-01 5.796421646080472945e-01 -1.788654710289901972e-01 -1.359409421789183926e-02 9.019943253600608557e-01 3.830104819014757411e-01 -2.377724270697019471e-01 9.811969284873696406e-02 5.325521673167629144e-01
-5.161700031777214370e-01 -8.789751220914320262e-01 1.958284033311296080e-01 1.481423107459991950e+00 -5.922894966817039419e-01 2.103879371807603760e-01 -3.455567974520322161e-01 -2.224293761032251071e-01 -1.504808116522290407e-01 -1.105011663004954459e+00
-9.834270126241739796e-01 -2.441393995998538402e-01 4.545239158184147255e-01 6.988463188355741318e-01 -1.675290140331240837e-02 7.956927904354073045e-01 -3.891409637638818531e-01 3.954023007787166311e-02 -5.653028406912058434e-01 -5.417740887681400386e-01
3.818659787966763863e-01 1.546468278438198896e-01 -5.256214000323959981e-03 -2.790030581824651246e-01 8.513668925207039384e-02 -1.899726014649112116e-01 -5.191455294264979425e-02 -2.721478576702969221e-01 5.273633292954912344e-01 -8.080816360917683072e-01
9.089196816000912060e-02 1.533025532968963489e-01 -2.452812808730709393e-01 -5.880180374807163907e-02 -4.868115707020915783e-01 5.824202487667363287e-02 -4.196929564579240379e-01 1.340542041757389224e+00 -5.034316028249639224e-02 -6.551170697710787527e-01
-1.051643647771497214e+00 -9.214355060550850629e-01 -6.609469514710415716e-02 8.019902216265024641e-01 -5.782527969625237407e-01 -3.134333436691487118e-01 1.396549816333312322e-01 -1.009724477212025517e+00 -1.119361094279303970e+00 -2.329330676870198374e-02
1.651224389784669233e+00 -9.804660513139207278e-01 -1.040557000096649504e-01 -4.555656781071675820e-01 -3.058548104601381268e-01 -5.890603631619119318e-02 -3.977305454113955197e-01 -4.618924800232975247e-01 2.150558771279742210e-01 5.299129859802430564e-01
-1.701722012951372431e-01 1.180376896153693816e-01 3.787892385415567720e-01 -5.019549899455154618e-01 4.725431883381907561e-01 3.308916376405728332e-01 -1.153696958061173339e-01 6.326046158786906570e-01 8.369067777666611141e-01 4.962899031246391368e-02
2.718252027033034590e-01 -7.640097940263297638e-02 -2.860309851057321051e-01 1.633485700744707059e-01 -5.062279648043960245e-01 -2.410272345140399008e-01 5.397297268998872966e-01 -1.489260560213578610e-01 6.815883519178775884e-01 -5.555036304076035325e-01
7.758789640331686943e-01 3.017311446085009785e-01 -8.101365423785055198e-01 -4.745418907105602990e-01 1.169217828854847568e-01 -2.447357785001202657e-01 -4.618528171221689127e-01 1.487918443862142615e-01 -2.255174708061099820e-01 3.111394805351754278e-01
-8.330182086559506649e-02 -7.411143062419138783e-01 8.131515290912744165e-01 2.993560200525945958e-01 -8.390159584902691370e-02 -2.598411065308245393e-01 -4.775022582476247113e-01 6.528149711398419097e-02 5.552748338985586951e-01 3.707656785048131232e-01
1.240915063293631000e-02 2.488570489988968792e-01 1.732343756881863372e-01 4.407508551965853560e-01 4.558839268199918471e-01 6.119789946322004015e-01 9.143752323011294925e-01 -5.838820412100272916e-01 -3.279269327311919446e-01 4.162629229983774368e-03
-4.414570022383914050e-01 -6.000021385488771980e-02 1.456955688314364616e+00 -6.787441908130930068e-01 1.214806388957934691e-01 -7.689815016077895526e-01 -3.601997737248604503e-01 7.552806450245961312e-01 -8.000932628372280087e-02 -8.227755237926419607e-01
6.580426830475449851e-01 4.917852382348373297e-01 6.648225134139436054e-01 -4.107499859622233407e-01 4.345285189831995520e-01 3.719702123037205155e-02 -5.327503183596115077e-01 -1.169964308168489064e-01 -1.676103129348393284e-01 -6.925044100070986142e-01
1.123787532496117958e+00 6.764842216605764236e-01 -2.804037218062069847e-01 -1.085417709765150868e-01 2.498750863906515629e-01 -2.403179105304981134e-01 2.559217657655052380e-01 5.779757633209986478e-01 -1.229237017831139121e-03 6.332991931087671444e-01
-1.511358520389258497e-01 -1.096998458908097079e-01 -8.257860905567041554e-01 2.651311789619146750e-02 3.199734319931308857e-01 -4.304370834866035889e-01 -1.416220149677373530e-01 -2.557992385366532617e-01 5.289517039160297474e-01 2.804318432368122505e-01
1.341927990767315115e-01 7.475465319483183269e-01 -4.899740974557694750e-01 -6.618655629396015261e-01 -7.930741214079557455e-01 4.030549583342591530e-02 2.111849364920005689e-01 -4.488213490540647332e-01 3.317176757737855253e-01 -3.936042734202124249e-01
-5.642456734956546871e-01 1.353454830224259053e+00 -6.861073830258855588e-02 -4.463235998863542831e-01 -3.552348873283990849e-01 -1.904224256685804750e-01 -7.205299011933587183e-02 -6.026870681856946188e-01 -1.465137271875656400e-01 -3.728943963194840117e-01
-5.428758995078305505e-01 3.808226689019494349e-01 -2.247794668546219954e-02 -4.313512352990945264e-01 -4.758493638410493110e-01 1.511698690318541649e+00 9.723140074193341309e-02 -5.047906084316925446e-01 -9.073387322442266756e-01 -9.205131099778587345e-01
3.105600105061389615e-01 -2.098655154245540333e-01 9.352588006764407380e-01 -6.425886409355566764e-01 -1.539048653887204743e-01 3.575337358597597270e-01 3.182793724097584542e-01 4.094448168083688611e-01 -5.501666577468180414e-02 5.611181640845753771e-01
-1.974379345829684607e-01 -4.199200173737742681e-01 -8.836361559004237698e-01 -7.103258306912432207e-01 -5.002634349370169153e-02 -6.418928942495938372e-02 6.811813188258531993e-01 -2.983378205365077029e-01 4.903401259475148044e-01 4.686146010376405213e-01
2.777753294933213435e-01 -2.019834516461517238e-01 1.407819565311490828e-01 5.034844853548334775e-01 -9.792398947783455265e-02 -2.440787555422388178e-01 -5.457443509507006185e-01 1.075088206342631691e+00 3.853635592161682721e-01 -6.628798866630867259e-01
3.306178001055308791e-01 3.230020974540386280e-01 5.229146727196076760e-01 3.893653374669970857e-01 -4.691011257581365057e-01 -1.323195205504166805e-01 9.746234102647125530e-01 4.351570532036640460e-01 1.384214151094996237e-01 6.679218992446291081e-02
3.696427978905700851e-01 5.020798301562013899e-01 -3.043580350911057608e-01 1.225871091615559516e+00 5.580272775257802964e-01 5.486435133670511388e-02 3.055012166562118825e-01 -2.892331018637720602e-02 -5.361679504661487350e-01 -2.879659620886277360e-01
4.859277468116469101e-01 1.697848935881731691e-01 8.118593266479403603e-01 -5.431693843692358969e-01 -1.199492748198791370e+00 2.755562771073220563e-01 -7.422240491250083894e-01 -3.233901928701500839e-01 7.834227245638649695e-01 3.822763665727043625e-01
1.158635940416446325e-01 3.999947221240079398e-01 -5.059670690366947499e-01 1.812157164582660074e-01 -1.469859739401177257e-01 -1.785915720503057080e-01 8.533554408807583203e-01 -3.417007199688351093e-01 5.156143566980235793e-01 5.983277012282557372e-01
1.790347560270120486e-01 3.152584620407489768e-01 3.777095382839528170e-01 4.019587935444784432e-01 4.447638687257061130e-01 1.733809164503104239e-01 2.656013173540669459e-01 -1.994834889138707296e-02 8.668288785711865119e-01 -3.151969096060296405e-01
-2.654625254628601438e-01 -1.125147622590470631e+00 -1.651852919710402878e-01 -1.348035760152132889e+00 -4.534961973448522476e-01 -5.201598094446506781e-01 1.499553598995778891e+00 -1.674387791668173753e+00 -4.403685295324296645e-01 -1.547695850524382299e+00
-2.456443030514153802e-01 2.496904460473235721e-01 -2.920140795068459916e-01 2.674543332834176113e-01 -5.586104272544336474e-02 -3.496325782456356779e-02 -1.830530458157531848e-01 -5.158416008657790847e-02 -3.768307686864792450e-01 6.485869164542675813e-01
-4.023191432580517368e-01 -4.615631728142803314e-01 -1.444119751347152092e-01 -1.060642772311978094e-01 2.207797640359758853e-02 1.962731355318393600e+00 -5.086503202212090402e-01 -7.417683722842836058e-01 2.674144173460057394e-01 3.913206640707350692e-01
-2.912061680872798930e-01 -4.466430619701708404e-01 -1.590762606746215946e+00 1.108770635566761920e+00 -5.094295138384830057e-01 -1.765755446150994445e-01 -8.209724409657240818e-01 4.452035317844580398e-01 1.894281176116008672e-02 -7.232326627061060886e-01
4.892245610730384942e-02 -3.999635196205919008e-01 -7.028911017096443059e-01 -9.467422520016810505e-01 -7.828259707315395888e-01 -1.041297009231843401e-01 -3.317445943395969654e-01 5.456394342316023272e-02 1.148502745872170605e+00 -1.087458500829578067e+00
-4.084930180942258349e-01 -4.477545684818289295e-01 -6.294886232947907168e-01 7.454590672176938382e-01 -2.038929588896004896e-01 6.950317333277221676e-01 6.073889898041126001e-01 -3.975959022230441398e-01 -6.818483897791429715e-01 -2.292998166977495145e-01
-2.515832433520549527e-01 -4.797792775323999823e-03 -2.555589711486709881e-01 -1.167837831192367837e+00 1.421820859841106621e+00 -3.088258748027562506e-01 -1.659750388057923687e-01 5.617544110061752777e-02 -3.119362707412606239e-01 -4.901719100220016112e-01
1.282055344498184590e+00 1.028433233615100972e+00 -2.454147523009474474e-01 -7.200958674198508769e-01 -1.270986720808547021e+00 -9.555503466688407554e-01 -2.878270676275453965e-01 -2.988916331156848405e-01 -1.253357138708464769e+00 -7.782475831169239910e-01
5.639584504571777401e-01 6.216316685397453856e-01 5.006769822482677323e-01 -1.139902352920991735e+00 -2.677148602986672565e-01 2.066112234492285538e-01 -6.945280154933760608e-01 4.437431765392464422e-01 9.413416411279322202e-03 4.394845919529669076e-01
-2.961653729260078083e-01 4.971892134086465243e-01 -1.561446875389456423e-01 -2.251126981100771973e-02 2.676248129701096490e-01 -2.162741787830378126e-01 4.107932913334886860e-01 7.946073172594628198e-02 5.402665009412804809e-01 -1.938204472579523330e-01
3.484188339127822220e-01 4.102939903546669043e-01 5.621899455817679359e-01 -5.241248833546185981e-01 7.478889579330082471e-01 2.481210008878212137e-01 2.728365427029061027e-02 3.018809251832951096e-02 -4.170431241884886564e-02 -4.794679863577959167e-01
2.968243570421569277e-01 -9.152022587048448676e-02 -7.872673577472479867e-01 6.307435678043111782e-01 5.266049097471307006e-01 7.004895522824726717e-01 1.857463482396588261e-01 -8.829664915742472253e-01 8.499387533606738154e-01 -4.390633999061039905e-01
-3.011954934069989709e-01 1.888103633193143893e-01 -4.300915844150203504e-02 3.326731792375166030e-01 -5.953822579944622051e-01 -2.825127917940905009e-01 -9.903669191264780070e-02 -6.309610898363537945e-02 9.780935639845307963e-03 -2.629969852746303349e-01
-5.078209740403318712e-02 2.095408332675821259e-02 4.841337820412858900e-02 -2.605299634720152357e-01 5.104019670421494626e-01 -4.434761422281301851e-02 4.348522956105364545e-01 2.132154298187084185e-01 4.601570754398189855e-01 -1.164583345750902638e-01
3.810251926897592623e-01 -1.016574874581533283e+00 -5.552583361117092720e-01 -1.831479022662651612e+00 -7.542235813995363802e-01 3.163779785259331900e-01 -3.749811869164816902e-01 -9.077937514314798895e-01 -1.103278511010147289e+00 -9.257832848912785906e-01
-1.359904471251997871e+00 -1.017607253803434864e+00 9.808656213683421277e-02 -5.439616259938383908e-02 1.412494594664588821e+00 -7.125545471765515337e-01 -5.671909931142642414e-01 2.170682665376953147e-01 -3.166875956556379212e-01 -1.108329792762194899e-01
-1.868219115828146093e-01 -1.383294475624443076e-01 4.302340806383554012e-02 -4.326518620494581441e-02 -1.888037537449050937e-02 -1.162105386605712942e-01 -2.182486377777050623e-01 -1.836807150687832235e-01 -2.516442598641263628e-01 6.020839269896464119e-01
1.182496606745845474e-01 7.740426865683420754e-01 2.938181226321395223e-01 -4.362693946433064962e-01 2.363292748172136359e-01 -1.056339023997869414e-01 -1.735468469382632495e-01 -1.036415538687955606e-02 -4.304893723056554128e-02 2.255086282975707346e-01
-1.605827725454507249e-01 2.035410648200557671e-01 -2.842659473960587047e-01 -2.444139615110993077e-02 7.393732924757133451e-02 7.136552417503712054e-01 -1.044675658982526477e-02 5.687364976443352038e-01 -4.042376966344392586e-01 3.858654380826678776e-02
3.082969965279955815e-01 7.130875270743495253e-01 -4.047379176313919413e-01 -2.247912619721193217e-01 5.671795343576301329e-01 8.563621186673341379e-01 -2.084091959452593901e-01 2.185188653871516229e-01 2.534292551428143359e-01 -2.359187735106086370e-01
-4.753241553978912459e-01 -4.110308269507376711e-01 5.749564128797528956e-02 -4.645302238621806246e-01 6.673903453222700399e-01 5.028816229272649041e-01 7.417737843118623609e-01 1.540179652214165029e-01 -2.249301847679834876e-01 -5.783066188255688855e-01
4.115449878369517589e-01 2.951080343782497284e-01 5.952272495898411897e-01 1.519364357756804521e-02 1.327995983410516501e-01 1.136853865544656284e+00 -6.494414472004568228e-01 -1.175457050281283056e-01 -4.874020637662723754e-01 2.011632478326363660e-01
-2.924258754592037879e-01 -2.533763574567118870e-01 1.203686022538350414e-01 1.402801332887909369e-01 -1.694299908716171699e-01 2.764163684735048143e-01 -3.986429519097760554e-01 -7.094985927721547680e-02 -3.311331255581592137e-01 -9.255396228998492847e-02
-3.317876853704758155e-01 -1.265289384450156984e-01 -5.245760125226505560e-02 3.142665250244180419e-01 -1.564824876360107198e-01 -8.669346446541134066e-01 -4.498497903446548735e-02 5.402023905208216403e-01 1.498997583713366222e+00 -6.504039629851928739e-01
-3.245380104236130769e-01 2.275333606751338833e-01 8.001526947577604076e-01 -3.218507901608785859e-01 1.633128850649414598e-01 2.109264903690857562e-01 -9.599118090091431077e-02 2.349940069284915944e-01 1.775871237983293327e-01 6.996932029193184688e-01
-4.098402778756841947e-02 -4.612873700956203861e-04 -3.033705528700437748e-01 -7.069321581611069938e-01 -2.168440045273077876e-01 -9.831548008881016987e-01 -1.521694271452640190e-01 1.079487650544326272e-01 -5.069105148181740628e-01 1.656997595409497315e+00
-7.818663491380130059e-01 -4.384138124149244975e-02 -8.452865827899708195e-01 -1.412982717319185288e-01 5.661302270548514981e-01 -7.111679658310007257e-01 1.356705883212277142e+00 -1.078052199271837042e+00 6.371159203674028881e-02 3.805782444922094221e-02
1.006839128132572814e+00 -5.601634769841001837e-01 8.837272982623730622e-01 -7.910047174274306148e-01 -1.208375215992570084e-01 2.039450804190319488e-01 4.002977233078325869e-01 -3.167831914998476828e-01 6.575167055961132767e-02 7.792129144098831617e-01
5.882785270514372389e-01 5.643410091419694963e-01 -1.131756014730951998e+00 -2.552544951530201778e-01 1.768159817182365812e+00 -2.314256889288923424e-01 -6.738971732130799586e-01 2.339488243797049061e-01 -1.094204083821686657e+00 7.619127843158389757e-01
2.480290391131613481e-01 4.616973851821179475e-01 -4.655371222424615762e-01 1.088462112766864553e+00 2.106244709961687667e-01 -2.323614630463494146e-02 -1.706872764478505056e-01 -3.014064925902993353e-01 -3.745500316182160394e-01 -5.002189772055201100e-01
-1.085214126081190722e+00 -1.160741665795882671e+00 5.862906253460233863e-01 3.518731361716601613e-01 1.183260933107493029e+00 4.468515569319412850e-01 -5.994002577191197556e-01 5.488380428742605233e-01 -1.241683481995522698e+00 -2.934969758179575283e-01
-3.776383739108714610e-01 2.034862892857223216e+00 -6.122615608694039757e-01 5.089821774802723020e-01 -1.181324563119453108e+00 -5.421303046360015365e-01 1.289507776863065176e-02 -6.097399401825739362e-01 -5.515736927133089162e-01 -1.583362924905706848e-01
1.123522204155204263e-01 -1.088749052588665389e+00 -7.023300871997016914e-01 1.216910158393088165e-01 -9.605054775998889127e-01 -1.687331456110377159e+00 -9.582768828389995885e-01 -1.285489659293386489e-01 -1.074684287197460897e+00 -8.736655847477466930e-01
-7.761732970332946291e-01 6.139870133674710795e-01 2.160992294260362379e-01 1.361822839661172013e-01 3.710146350977343577e-01 2.186483906003287014e-01 -3.339202169759356575e-01 4.345870365601181007e-01 -9.181034108446541053e-02 3.620880347547719147e-01
-4.576532810141031860e-01 7.376456841346424875e-01 4.045067950837639148e-01 1.816638503601019916e-01 -5.081205206119998596e-01 1.903998438604147247e-01 -7.337695968113772116e-01 2.355150344057370115e-01 1.859203284512829790e-01 -4.674706397171415201e-02
-3.132458099768905546e-01 1.141730099584375852e-01 1.106154852533055122e+00 8.131915557437864317e-01 -7.078568574295235859e-03 -3.276456074445482924e-01 -4.644681317401533893e-01 2.414073968789224034e-01 -7.553550627168945653e-01 -4.169200345371677496e-01
8.151150127267849932e-01 -2.178819007056818080e-01 4.909593765672343735e-01 -1.867762474669498185e-01 -3.987198749094144623e-01 -2.696810533778315477e-01 1.261922877709315272e-01 -1.196472460310073066e-01 4.645767477826604971e-03 -8.851126863380338883e-02
2.713776569780743109e-01 -4.862050812926208554e-01 1.803153996735636033e+00 -2.850345754754912697e-01 -3.661578565033047350e-01 -3.805146975618300953e-01 -8.178952451948212632e-01 -8.599704407149828533e-01 -7.163890795563635505e-01 -1.512094431652291071e+00
-5.029743765378843490e-01 1.562678267450149150e+00 -4.301645785934953281e-01 -4.767946744545573101e-01 -9.540562470972772102e-01 -6.927982248719093405e-01 -2.848379048082279041e-01 1.991019115303831188e-02 1.252968763812532194e+00 4.819264648845739685e-01
1.700811874547394076e-01 -3.462301168333547507e-01 2.765891742112538410e-01 7.153300432074719550e-01 -2.233512008386585590e-01 2.233944546736376380e-01 -3.085924841911907857e-01 -2.771580715620578506e-01 3.523201451149109431e-01 -1.729940160037604924e-01
-5.350566497600787175e-01 3.509768746816054330e-01 -2.296675693835284471e-01 3.574096491836306067e-01 3.058072274442976135e-01 -2.878013797594018361e-02 1.487146172057496607e-01 -2.058604774454897701e-01 2.528479325401373212e-01 -5.567299061021044881e-01
-2.854035286381370259e-02 6.021152603686034110e-01 5.658719140577669338e-01 -3.170254706364061259e-01 -5.203007654822807693e-01 -1.284454797720807270e-02 1.213356629114272084e-01 -1.156071818096861437e+00 -5.181938972491065831e-01 -3.265846364122501067e-01
6.319423838653129843e-01 -6.457795685972488320e-01 -8.489882628847201795e-01 5.617557722740285087e-01 -1.305856518998553151e+00 4.958988200617591158e-01 -9.177346389553203698e-01 -1.287694718101172420e+00 -6.079201327633320107e-01 -1.052576577597048813e+00
-1.217097650083314608e+00 -1.440896921948906229e-01 1.507701006602873539e+00 -8.331158969626707433e-01 -4.025079422604777024e-01 -4.090764870457239688e-01 2.214793445027896449e-02 3.253848581552912234e-01 -3.176744702404173948e-01 -7.108016978616520376e-01
-1.116240011758406370e+00 5.780705015463596386e-01 -3.321691218240345744e-01 3.937713768678348658e-01 3.845352043699119537e-01 -1.955136985897657498e-01 -5.170968049011733791e-01 -3.532787029393026357e-01 1.346651568770237672e-01 5.534925351612975941e-01
-1.163390439091139594e+00 -7.771559767024210919e-01 -1.681109208413237077e+00 -1.328467919643269823e+00 -1.318834038380464868e+00 -1.402924473085140900e+00 -1.075814803468699177e+00 -1.963419999086775114e-01 -4.809181454614874784e-01 -8.323625710403055322e-01
-5.363321341105644624e-01 -2.737171255366531164e-01 -5.270973063707944384e-01 -7.831895661196941472e-01 7.789799251049116524e-01 -5.431150381268823324e-01 1.432663642820425354e-01 7.459834109958789483e-01 -3.655991154449794722e-01 -8.289483470893075356e-01
-9.395390465559563253e-01 6.255496290197346543e-01 1.577881290794272418e-01 -1.366609261282049959e+00 3.470393714260247564e-01 1.537604263319000353e+00 6.578639692095902269e-01 -1.887312486067638240e-01 -2.257702414372948774e-01 -4.432288667787879777e-01
-1.032161577372636474e+00 -1.590996251295741848e+00 6.304596150756257567e-01 -8.688585377776822383e-02 -8.255471573348531766e-01 -1.198465421408406506e+00 -9.446718444073932686e-01 -6.147470244366870507e-01 -8.958338339307189147e-01 1.232367725629756716e+00
8.364024347337355170e-02 -1.690297839451783690e-01 -4.509514198899655102e-01 3.280833094522410676e-01 -2.589442148344069938e-01 -2.158400427298730051e-01 -3.135593702975983943e-01 -9.564005857421752077e-02 -1.620433683375349376e-01 8.540930467975417217e-01
-8.460279339602135851e-01 -5.172537940657707944e-02 -6.577625231838998277e-01 5.430686365105970026e-01 1.624222689486227444e-01 -2.184766063616879750e-01 -4.225075695293643019e-01 9.268149440666452188e-01 1.915976313723280755e-01 7.514780131216761139e-02
-3.882961724718466123e-01 -1.523744255935142178e-01 -6.066677954519520549e-02 -3.732143674318889603e-01 -3.246225411436807762e-01 -2.892490494111814026e-01 7.935532145686983174e-01 9.224127858321495843e-01 -1.211358731281366508e+00 -1.568123235609291399e-01
-2.873674547093933995e+00 3.436493537562504974e-01 -5.533192125324202237e-01 -3.845961010365405719e-01 -4.204365884017342569e-01 -1.525350338550463258e-01 -2.034176162653920095e+00 -1.660436615295109331e+00 -3.454343197032542778e-01 -5.445605152678572453e-02
-2.369223795909670971e-01 -1.098763307792528288e+00 -9.425216515495967728e-01 -7.008964624798221799e-01 3.365475200494054686e-01 -5.851857441503504065e-01 -1.390481969806969254e-01 -1.260101253998556770e+00 -6.047444946356212991e-01 4.238235892761899049e-01
5.632239122680046117e-01 -1.635248079674782862e-01 -1.959682534541201115e-01 -4.977094017931900094e-01 4.267147168312486749e-01 3.591261855376094991e-01 -1.290155988238679829e-01 4.049836386136065891e-01 -5.974500732092572486e-01 4.510912942108111223e-01
1.846995213902254740e+00 -2.902098177106479104e-01 -6.905378495741719691e-01 4.929380445747934963e-02 -1.072273114463073274e+00 -4.321948656865352567e-01 -4.153658114728926432e-01 -2.228123238281590479e-01 4.680003140895117042e-02 -5.519756945237835888e-02
-4.060493405148501295e-02 9.448543503270332433e-01 -7.097299697963194154e-02 4.618934859478491806e-01 1.945467244994258937e-01 7.311635537963188936e-02 -3.356046892087547473e-01 8.146546582917719714e-01 -2.165703941497085783e-01 1.799687921213822400e-02
-9.225433031218382984e-01 -1.064403776804426632e-01 -5.480809502673624767e-01 -6.616384096439565932e-01 1.385734044648608609e+00 -6.533596427279424468e-01 -7.585879502155361553e-01 -8.383725380898791046e-01 -9.088545894752600995e-01 -3.938855978051158946e-01
2.297171359696521531e-01 6.279698673602582271e-02 1.215524863322800381e-01 -5.930289010008597816e-02 -1.568113820332862896e-01 5.750164916590213560e-01 -3.018231375790705884e-01 2.147845599245607195e-01 -6.717375847153038704e-01 -8.463300751306359615e-01
8.405777239811471624e-01 -1.084813260149880554e+00 -9.240002991901753449e-01 -6.102968030983241254e-01 -1.074141586859760685e-03 1.238386763724812267e+00 -6.288285033571242577e-01 9.412506973564355173e-02 -4.726359184782798206e-02 -2.107209886987034542e-01
-1.379792467422882862e-01 -1.058398557721415001e+00 -3.246569307750895583e-01 -1.023115026273097694e+00 -5.351806663161736699e-01 -1.233874790579249536e+00 -1.328922824733164421e-01 -8.507392474655762760e-01 2.524503872723570463e+00 -1.150546141622400764e+00
