-1.129819132827861061e+00 -1.055756763440812485e+00 -8.497650117182651286e-01 -1.149374517350496117e+00 -2.529979468542370991e-01 -7.476269498234312527e-01 2.820564914380070398e+00 -9.054442484326316043e-01 -1.205694552788684204e+00 -3.113335819032062579e-01
3.126659754439027328e-01 3.539765833141239049e-01 -6.870195551541997681e-01 -1.052810023480919566e-01 -3.840071170613917201e-02 -1.137112318015071344e-01 4.941905537796786874e-01 8.046941944243953815e-01 -7.682478114538605629e-01 1.390773536950322686e-01
-6.697517932797685258e-01 -9.593965508153321498e-01 4.486288355621735668e+00 -1.463023838112164743e+00 -1.473948791931795510e+00 -1.072019207007394392e+00 -1.449965933662869189e+00 -1.056378731341880872e+00 -2.083275320179936330e+00 -1.158185511399178580e+00
7.385168260763429471e-01 -2.408637512353283272e-01 7.233003476288546452e-01 7.184973960510385727e-01 3.137974801299324157e-01 3.316156989925672094e-01 3.835742831045844681e-01 -1.341565621649727820e-02 7.327355962766510244e-02 1.985628574840727911e-01
-9.492860026957109509e-01 6.120248346548350371e-01 8.898643714308892561e-01 -4.489772517663442875e-01 -8.049108031351661641e-01 -5.986841764492301099e-01 -1.459752590785703852e+00 9.388635732641709142e-01 -1.028776761307909071e+00 -6.803262191530803360e-01
-4.537389907780239873e-01 -3.270091537065296650e-01 1.372625824411873863e-01 7.614770980835213754e-01 2.547235633177983294e-01 -2.920325975537474972e-01 -4.172723689773906175e-01 -2.622403166156629384e-01 6.705620927006133991e-01 7.528762969530768956e-01
-1.150512315207379732e+00 -1.255266390224041739e+00 -5.899185145155150245e-01 -4.574662683853504830e-01 8.074039591599833227e-03 -6.924985501820507539e-01 6.426776845036454855e-01 7.351453808428751735e-01 -9.923077521001543166e-01 3.589752255012587656e-01
9.221986696876126322e-02 1.262611526203592273e-02 2.302390215575207399e-01 2.498850274368666080e-01 2.042808971608043311e-01 7.326398591638721980e-02 -3.549813995618216200e-01 -3.249936386530537513e-01 -2.186754621425476483e-02 2.968307553433594537e-01
-6.882748545801087303e-01 9.479528721194752094e-02 -1.307128926660121315e-01 -5.712976956026160069e-01 -2.524366531175517223e-02 2.518968533222542661e+00 -1.132093588699420783e+00 1.115468512981065002e-01 -1.287952070844103236e+00 5.584020897988217769e-02
2.661998458074584240e-01 5.492554404394087708e-01 -7.321693486453586530e-01 -1.009422740278844932e+00 -5.670762913203967331e-02 -1.804922587997852268e-01 -2.007109943503442295e-01 -6.345734907245532685e-01 -6.619457540101035820e-01 1.152252252592179449e+00
7.306462810179933376e-01 9.968279657863179932e-02 2.875456507578056931e-01 7.381494079541379705e-01 7.418145213846116803e-01 -5.482887923936368563e-02 1.854013582874080024e-01 -1.254702511444600599e-01 -2.418692322637820968e-01 5.096656107921702095e-01
-1.097880291663254848e+00 -7.642638234302047417e-02 1.653876292397716830e-01 -1.797768125819108331e-01 -2.925140257210099431e-02 -1.988053356994879395e-01 -6.127282017834128069e-01 9.979141235114086239e-01 -1.190789851159058423e-02 4.896965044391091704e-01
-1.566847584221436329e-01 -3.179104979543434517e-01 4.071605479390602578e-01 -1.059615090959335898e-01 6.033244387153150617e-02 5.868090272426786103e-02 1.020263493373252395e+00 3.844311794815518657e-01 -5.801478429336104359e-01 7.993649944083462966e-01
-2.002797555666588070e-01 -4.182493614265247461e-01 -4.921077544717502028e-01 -1.632137549534279641e-01 -2.050144500826063809e-01 3.476987021413419088e-01 1.198236281044907370e-01 -2.581207612316301359e-01 4.717974319316019516e-01 -4.217998646135289187e-01
3.393518565104499674e-01 4.978031509306349300e-01 2.968543641725853582e-02 -5.881666953156702154e-02 9.515614149669861244e-02 5.997257168661649374e-01 -2.949517907625875957e-01 -1.521354806328907017e-01 6.467069877908057096e-01 -4.115889050458579890e-01
9.513781719726142894e-02 -6.514174606030874448e-02 3.059580775637018579e-01 5.011910431565469448e-01 -7.150142026992795108e-01 -8.664744257827579066e-01 2.707649528484612489e-01 -4.835902574541088850e-01 -4.931743663422152313e-01 1.832796847624815206e-02
-1.900012687191199312e-01 -5.369620790730004201e-01 2.807481442308543684e-01 -1.094160908881485345e-01 3.452576141889052708e-01 4.416864244784908244e-01 -2.203725294692638337e-01 3.265275962788158348e-01 -2.780279327983334325e-01 -1.804033742265278573e-01
-4.488475348851930780e-01 -1.962405294607450779e-01 -2.936276886511929862e-01 1.504730305511169930e-01 -7.496390544448086612e-02 5.059127919490803427e-01 -9.255811986646947376e-02 3.412499383354644644e-01 -1.812694693317486450e-01 6.972270280019029487e-01
3.416632167341949189e-01 7.747267688220333959e-01 3.947099194311347592e-01 4.650714660676366075e-01 -3.156036590562515398e-01 -4.553853028265311687e-01 -3.737580211835290211e-01 -1.293695817473675402e-01 -3.406532883635086106e-01 4.995535869122491035e-01
1.616436502580237133e-01 5.213659243077488625e-01 -6.334001222728596545e-03 5.606019542453283266e-01 -1.845615905375551091e-01 -1.001178385581094621e-01 8.954446449470440106e-01 9.131078460399055796e-02 1.863056142016983330e-01 -1.701256498196166977e-01
3.554205955716485676e-01 3.274484426274928417e-01 1.838238345458917400e-01 5.879664797760685291e-01 3.300249319818433086e-02 5.447643191999058665e-01 -6.288066569727385202e-01 8.215451225094497212e-02 8.712221651050496840e-01 -1.956639004457334519e-01
-3.910596535672913182e-02 -1.558884285326830599e-01 -3.000845084009853836e-01 4.866760066873844770e-01 -9.066367638954730968e-01 -5.473504289025573621e-01 -2.857563692112012957e-02 8.045628189621120141e-01 -2.145221015351785054e-01 -1.425158198448437386e-01
-4.372627196250486459e-01 -3.245681763916652418e-01 2.405178052257553323e-01 1.006045847876296251e-01 -2.254356428292328754e-02 6.017876451501105034e-02 2.425356301274625703e-01 1.199319334664762371e+00 4.151795678644821241e-01 -1.609784006062811246e+00
2.438243774733753755e-01 3.745431139775047824e-01 2.217686497564109738e-01 -7.572451123425568698e-01 -2.520290619359079609e-01 -3.270941028046757681e-01 -2.279153397730520336e-01 -4.245732507376542841e-01 -5.567808274768988319e-01 -3.468875371428390975e-01
-1.437960503215543806e+00 -1.261111897212747746e+00 -1.649937224330247698e+00 -1.569930669298408077e+00 -1.786793947454473841e+00 -1.579576596213253747e+00 -1.184162946374282654e+00 4.648981122324631343e+00 -2.236668980637061654e+00 -2.919558419748160549e+00
-2.075257882985382718e+00 -1.426308969615509570e+00 -1.303714481528583935e+00 -1.741718380373715069e+00 -7.894825540243272100e-01 -1.586541396315045427e+00 -2.092206093623468988e+00 -9.756944566758313231e-01 -2.833052668920281292e+00 3.336535444064527400e+00
-1.366894227224815461e+00 -7.197836436359187351e-01 -1.262816249386706557e+00 -1.753587148544066388e+00 -2.044793350492281281e+00 -1.479764725531478531e+00 4.195292910667810737e+00 -1.259662929364999906e+00 -2.190828162750491970e+00 -2.022952046000339621e+00
4.289552778880648121e-01 6.144098706834458801e-01 -7.891805831157846507e-01 -2.250715237137509706e-01 3.292614211257085532e-01 -8.787408616706864350e-01 -1.217749554964362227e-02 1.095934778329125253e-01 3.570228017515648666e-01 4.141439813777896828e-01
1.192377678944811781e-01 -8.615793729394289890e-01 -3.238036985912084997e-01 -2.438019173944946383e-01 2.747732361974876136e-01 -3.812189795389169245e-01 2.450438069971147548e-01 7.169391772965758580e-01 4.527092494819977553e-01 -1.653436783721510817e-01
-3.567915043320939450e-01 -9.388677629278704417e-01 -7.296453823785667425e-02 8.689407957779738956e-01 -8.075731632758799128e-01 3.221872468925834898e-01 -6.202937288424934525e-01 -3.125094470939290825e-01 -1.024181846627498116e+00 2.768511880088935784e-01
-2.410603413287379093e-01 1.475030734525752951e-01 -6.052031072130610312e-01 -1.184350255843554356e+00 -6.719567543922057018e-01 2.330728910992803549e+00 6.819101130246997267e-01 1.231679937409881354e-01 -6.138869442504170104e-01 1.156003844576190126e-01
2.218917492135468628e+00 -6.134311740659819101e-01 -1.912588737186583232e-01 -1.121185881093820891e+00 -3.747764894437015659e-01 -6.964268095708248119e-01 -4.543993503986872295e-01 -2.640852391947898226e-01 -1.309672472576868252e+00 -2.882708179076891586e-01
-1.129653439833703699e+00 -6.453673610005753458e-01 -8.453387092376469791e-01 -1.510824764865444481e+00 -1.064069636697194676e+00 4.380192954510424563e+00 -2.858688812195004925e-01 -9.510672733479644814e-01 -2.044973567724292174e+00 -8.879481591588014311e-01
-1.198721649460373490e-01 8.477076612195173499e-01 -5.077393996098604756e-01 -3.196391051494541502e-01 2.897347732045214563e-01 5.047525412949362966e-01 -3.730113759308374410e-01 1.563331935113866089e-01 -5.085353597110588986e-01 -3.997607720489483318e-01
-3.401107693217687022e-01 -2.511737710235442123e-01 1.367622150785972490e+00 3.758444250155520971e-01 4.490474896572044239e-02 -6.283521615379769609e-02 3.090328465442655492e-01 3.282994292079624565e-02 -1.139732045561611951e-01 1.193740508479600171e-01
-1.560979459893266252e+00 -1.149537514586919551e+00 -5.066526370398704016e-01 -2.414151361183601185e+00 -1.616008075015829437e+00 -2.829292267696608687e-01 -1.816003477170011760e-01 -1.190920792230434566e+00 -1.494634482366167028e+00 -1.562660842598629696e+00
3.503251428431225500e-01 -5.427589701714343601e-02 -6.520067524003463344e-01 -1.051278946326626995e-01 4.123837265344841296e-01 1.346298382684621153e-01 1.403629605241359102e-01 -1.307281299856033197e-01 -3.117620734105172597e-01 3.605714902408160838e-01
6.674035022848516796e-01 1.265621686319878536e-01 2.106364454340194925e-01 4.086238194136007640e-02 -1.567651889459335465e-02 -9.906478633922034815e-02 8.757438743537165893e-02 -3.919174991960010512e-01 -1.151836233147263480e-02 4.506051816033356250e-01
4.841036347617097002e-01 4.619434629561904870e-01 -2.277350482237270046e-01 1.052128070176011398e+00 2.544515476645002883e-01 4.912951348240957583e-01 3.851898896288036278e-02 -4.242415621604647691e-01 9.205666667107648138e-01 -4.370425324185204241e-01
4.781373865338141571e-01 3.077256325429318373e-01 3.954470562283994850e-01 3.635632739561070470e-01 -5.595038568224861564e-01 -6.503465172437052078e-02 -6.312940373852182763e-02 -6.001537039190147915e-01 6.786571312789705379e-01 9.263082250894069114e-01
7.965413546352204111e-02 4.629355907680151039e-01 -1.648586161332425692e-01 -1.352559614731943805e-01 -6.191256051233664515e-01 -2.090038081015503368e-01 9.653578541729146423e-02 -6.468678515180082966e-01 4.928340253451717889e-01 1.024498773434931564e+00
-4.243727162318560175e-01 -2.561377709442296813e-01 -5.876593698628101992e-01 1.409703940241818776e-01 -4.797825404332989319e-02 -1.932419607952545193e-01 -7.753041172196117881e-01 -2.759173144938975031e-01 -1.326922809183196106e-01 1.029276739853838496e+00
-9.843538610539983580e-01 -1.127871741096622582e+00 -1.514959403826160012e+00 3.805413002996692828e+00 -1.133378530117284289e+00 -2.046689429513568470e+00 -1.754417622918311048e+00 -8.193429158845098037e-01 -1.662615468504273331e+00 -9.299417417737204650e-01
-1.517004325688652955e+00 -1.189770096640263342e+00 -8.087735105491619114e-01 -1.375096775218652256e+00 4.592378440749079083e+00 -9.147577838483156309e-01 -1.279009794556446478e+00 -8.170728217741110022e-01 -2.079004997767240681e+00 -2.654454432298712696e+00
3.575116597021248815e-02 -7.865466879352260576e-02 -2.966333334961686052e-01 2.195708062863665211e-01 1.601073742599800509e+00 -3.056537509490593885e-01 -1.260075982627249236e-01 -3.894879756972152163e-01 -7.337658602918003536e-01 1.896034959214107016e-02
4.031226597716358051e-01 -3.350416370531519306e-01 2.058459275031150892e-01 -7.028818448887874659e-01 8.216143737505654521e-01 2.034518705701229835e-01 -3.736040995602700199e-01 8.087097840306834984e-01 -2.214861342862338711e-01 -3.025687504173251718e-01
-6.830204022526807917e-01 2.253950105609248411e-01 5.182115354121207274e-01 -5.090260587477858367e-01 -1.563418967119951375e-01 -1.492637653689949662e-01 1.047256345353232865e+00 7.173418312734359814e-01 2.900094088609935228e-01 -2.662130840356700112e-01
-2.895669527350574479e-01 9.698121496416613196e-02 -1.513768359385861059e-02 3.509680517726949112e-01 -1.628337593503693392e-01 2.000300718753053875e-01 -9.505533657034924699e-01 5.189242645424259337e-02 6.908503617300228994e-01 -3.797815887286515868e-01
-2.780304147167000917e-01 5.662607152405881028e-02 -1.055570799746842869e+00 -2.148393625591233508e-02 -1.020292888594170888e+00 -2.545146867084095987e-01 -1.164588041739918145e+00 -2.211812085553298557e-01 4.291859211788085493e-01 1.621578769600135583e+00
6.344457732853338305e-02 -3.081399703945969862e-02 -1.873265911359853209e-01 -9.542011609939795580e-01 -1.312471773524475083e+00 1.050520757739918654e-01 -1.044256877737452793e+00 5.912309396201677059e-01 -3.563208508122344131e-01 1.586941449122414083e+00
-2.677754633797663764e-01 -3.106162660679829268e-01 -6.055920691638453368e-01 1.520065687319807068e+00 -3.446795257449967176e-01 -1.085019259127638191e+00 2.753172977444290903e-01 -3.045738228766559641e-01 -5.392798205022596436e-01 -4.549541042809898128e-01
-1.945985195691239289e+00 1.441108887792089233e+00 -1.868010299636809091e+00 -1.660823618479889907e+00 -6.485667571790391939e-02 -3.662865529092758088e-01 -1.769256799680374748e+00 -1.229424349702850749e+00 7.143349241718414122e-01 -6.414856810369715667e-01
2.157467234590421112e-01 1.188327239033845073e+00 -1.376625025540742786e-01 3.219455080127744395e-01 -2.053857173285620896e-01 -4.736183409080971067e-03 -4.009486299881329652e-01 2.312270018874824362e-01 -3.769141739651843959e-01 3.150545089220620487e-01
-1.245335163100252052e+00 -1.296622705095611838e+00 1.805599321064203233e-01 -1.039870703737455937e+00 -7.763668722797335553e-01 -6.987324510955996715e-01 -1.447212028854746979e+00 5.327041867563749866e-01 -4.700895468710767355e-01 -8.713531948907222713e-01
1.416840248003299607e-02 -2.216240763017054693e-01 2.045124068724898936e-01 3.306253430259483705e-01 1.113056120127454002e-01 5.287800092361565341e-01 7.280201097283844902e-01 2.179445367735690087e-01 1.504207257040102719e-01 2.208410629158953919e-01
-4.999273216492127192e-01 2.801596878976540528e-01 9.526326563790412649e-01 -8.678489248111060927e-01 1.581807640472835952e-01 3.245478023322763139e-01 1.904359848391669607e-01 6.494095159647038651e-01 1.285119957465926700e-02 -5.538943384520792629e-02
4.442411145372441972e+00 -6.439325927939630878e-01 -1.699854183149831943e+00 -1.385538386436734770e+00 -1.942384055400107057e+00 -1.540085743208516211e+00 -1.423698286268715085e+00 -1.223713604906157881e+00 -2.294404264639686275e+00 -1.732984908059115980e+00
-4.694797567414013550e-01 4.549673508766312602e-01 -1.650066228308133542e-01 -1.104561799404469302e-01 4.387150846657483783e-01 -3.580386010707647948e-01 -2.100635599956025279e-01 7.257866702775427337e-01 -6.697708920674205757e-01 4.730257939655450605e-01
-9.709405289210730830e-03 5.042191320446846037e-01 -2.967340490464763780e-01 -4.905176110445145232e-01 3.492422703978131371e-01 3.453596136040447684e-01 1.982986958357627061e-01 -1.363760256568392892e-01 1.019275100429083702e-01 -3.534215666796043376e-01
-6.459290768528383464e-02 1.427507963610458841e+00 -2.553725498212853773e-01 -2.712628051721153732e-01 -1.100315976313460814e-01 -9.669776344395205614e-01 2.058802945733745338e-01 2.085830629877144238e-01 1.215040598862774823e+00 -6.351408412870285236e-01
3.078358739457996429e-01 7.376061064978923776e-01 -7.650687793770777345e-01 -7.712127106533214205e-01 2.237708484543667886e-01 -1.333260350073647960e+00 5.399365468157119041e-01 -1.134770597803825831e-01 -1.155148333991041359e-01 6.840070462863594436e-01
1.205531606702624936e+00 1.949203252879052051e-01 3.744763724410492961e-02 -4.847765935321550201e-01 -4.590564508842756020e-01 -8.779370978692045968e-01 -2.264473681218407142e-01 4.521667736143498706e-01 -5.715538855748032443e-01 4.636410135809752586e-01
-2.319156037217265709e+00 -3.462082828242196708e+00 -2.433201931660802231e+00 -1.867788315591565329e+00 -2.563027988661827905e+00 -2.694747131563368203e+00 -2.498345685845814401e+00 -2.867330886128730327e+00 -5.095714282297905684e-02 -1.606829923124985182e+00
1.399431388243864982e-01 1.286787909297288091e-01 9.502152025332113450e-01 2.314824886012253891e-01 2.421233548835682869e-01 -6.637171762052344881e-02 1.063179718647955796e-01 -9.032125908166176442e-01 7.090748946477178072e-02 -1.141745871918702221e-01
-4.549017579865249905e-01 -1.183254224872987592e+00 -7.739973122485984680e-01 -1.051572365896349393e+00 -6.912197539699073134e-01 3.710375737753781156e+00 -9.960567435403449021e-01 -4.542464258929508891e-01 -1.531948460433413040e+00 -7.068529888367912628e-01
-2.096031825315484154e-01 6.383714106692952583e-01 -2.951785029914369418e-01 -4.380081443037904809e-01 -1.806738488299467205e-01 4.952902141259229452e-01 -6.528291736504936160e-02 -8.585940946507567006e-02 -2.994732128422132322e-01 4.982493020422227858e-01
5.822178903228658609e-01 -2.198106468843653155e-02 6.503518779604254563e-02 4.990016978608254328e-01 7.034906711416404335e-01 -3.360332651889972877e-01 -1.241681409938673319e-01 -1.374320532087642266e-01 -1.350172626112707164e+00 -1.050915548887437490e-01
-5.594941385019932545e-01 -5.464926990100541504e-01 -9.948915546090438822e-01 1.686727737308330921e+00 -2.639577848074390332e-01 1.185220556440708117e+00 3.987978958660005069e-01 -3.500311311066844344e-01 -1.614133047206805394e+00 -7.094713265853412887e-01
-3.657233360294643854e-01 -2.782664041804647770e-01 4.355747603278544156e-01 6.042654220812575527e-01 -4.595603212883587196e-01 9.555142685920567924e-01 2.903118245936217590e-01 -1.426526167575967174e-01 -4.590322194586166082e-01 -6.375455160521092957e-01
6.002127838097576218e-01 -1.536098834767738730e-01 5.695327708986910875e-02 -2.368174988163681272e-01 -2.689801702665202687e-01 -2.024303076578497784e-01 -5.524867396019432497e-02 3.959370083085511083e-01 -6.698093188265723530e-01 6.958536974394179120e-02
-1.737948765938517326e+00 1.193420926048279762e+00 -1.258310129339677896e+00 -8.042082975384784449e-02 8.757291501814618018e-01 -9.606543839081139735e-01 -1.617729259685769971e+00 -9.430961608213362934e-01 -1.488402570229533595e+00 -1.669386842474938293e+00
-5.564169676811805409e-01 1.930578615719962931e-03 4.531546648848529951e-02 4.133498249384806589e-01 2.177588745142686466e-01 -8.072910203631018800e-02 4.095567387446844010e-02 -1.107171807317879758e-01 8.679208182896489543e-01 1.753596365252135802e-02
-3.281193746175760095e-01 1.849261725274488344e-02 6.049148964374787690e-02 -3.292876528218335319e-01 -2.528634418428116204e-01 2.073772669590178419e-01 6.305775717843078443e-01 -1.434556848908497551e-01 -6.921053824315566254e-03 -9.214130221338147075e-01
1.387278047468151865e+00 -1.710435910041625096e+00 -7.273538493437399222e-01 -1.657953559792615161e+00 4.586872092668022871e-01 2.598765931487569958e-01 -2.118597877099914761e+00 -1.702947201535623512e+00 -1.381979892677704491e+00 -1.746828663107266921e+00
-4.473123895025644670e-01 -2.742920141353586416e-01 -1.612739112045029344e-01 -1.310126106091151210e-01 -5.356334250286355625e-02 6.581295200351454655e-01 -2.466598947276183729e-01 4.273592953332663175e-02 -9.295693865995109384e-01 1.649614805202772316e-01
2.486235135911964711e-01 -1.766958972572400255e-01 -1.084401665331680142e-01 -2.841570839955266312e-02 3.047715957499189110e-01 6.001131506683868855e-01 2.983876956121143120e-01 -2.158589700995709737e-02 5.971319023852782459e-01 7.038424520359919390e-01
-5.448662349060224841e-01 -3.940046527410534516e-01 -6.301947470288572772e-02 5.566909150716292665e-01 -1.088770565931741041e+00 1.177886077145000598e+00 -3.132367382716598203e-01 3.864110882910235523e-01 -7.937054606054787242e-02 -5.041906582939421622e-01
2.842118690629790723e-01 6.695139136904543209e-01 1.398270752071676115e-01 6.185638900511135352e-02 1.049450857033257023e+00 -1.742371303330322863e-01 2.372736366612599734e-01 1.038038977216255571e-01 1.197283915446706662e-02 3.466407194462837738e-01
1.948638588187754928e-01 8.809429981067566640e-02 5.046633080730732017e-03 1.503502145819824110e+00 -2.614900061113603624e-01 4.638041863374247620e-01 -6.178901185955184561e-01 -5.863587257947148190e-01 -8.619256534342543130e-01 -6.292110350162291033e-01
-1.101579960872147573e-01 1.055397284215413151e-01 -3.776899300930592895e-01 1.573120191198376094e+00 2.040428525013550931e-01 2.275227063165892183e-01 1.667851314865628209e-01 3.306932154054942341e-01 -1.453849547127244839e-02 -1.168351730935326543e-01
-1.038290171492643799e+00 2.908705106860514644e-01 -6.611401430079496544e-01 -2.393964687146919790e+00 -2.244724548963490385e-01 -2.843120374644017567e-01 -1.215135632816045419e+00 2.246701681237134540e+00 -9.418052810634703897e-01 -1.214403601681327993e+00
-1.665952960999188326e+00 -1.052046808023117563e+00 -1.098716107098730577e+00 -1.193071561964590188e+00 -1.827004928302215170e+00 -7.875993750767718016e-02 -1.334165212183268556e+00 -1.535085426380880191e+00 2.889670902607372582e+00 -1.885560755547074585e+00
-4.410445620447911996e-01 6.568038710255311718e-01 -4.727102824437030559e-01 1.303462981301576784e+00 -5.296403455392926229e-01 -6.187799327885062928e-01 -1.137542050749599021e+00 -1.708611375050880454e+00 -5.867023917192973892e-01 -1.231654903686423941e+00
-5.057381028966758674e-01 -5.011653467327049638e-01 5.187783972212358513e-02 -4.917005255454424129e-01 1.555123486144299516e+00 -6.978912037170256211e-01 2.047884992017943995e-01 -1.058665114160293880e-01 -4.112574837631146063e-01 -1.468034649594452123e-01
-1.639249143661591468e+00 -1.442270103095618206e+00 -1.572743998517174946e+00 -1.281426847517006806e-01 6.269992467123770563e-01 -1.096219895103270447e+00 6.152878641197657705e-01 -1.708558531040272888e+00 -1.172347177905343152e+00 -1.825528545753012599e+00
2.331126283028862600e-01 -3.474631070152215395e-01 -1.022096348949756761e+00 -1.619065806529688956e-01 1.541067407151732460e-01 -5.365040972062350144e-02 1.468783707434659080e-01 5.830482176397410177e-01 -6.352099720421970908e-01 -5.701667569601422958e-01
6.901099752796341358e-01 -4.540099184763765061e-01 -1.285514804747291684e-01 5.447390444301269952e-01 1.008530472479655660e-01 4.612578010075323864e-01 -1.932247098731431356e-01 -2.711430885335041618e-01 -3.063669585480564145e-02 -2.166307472215437402e-01
1.908717299721760519e-01 -1.199096942713158143e+00 -8.494825077718642925e-01 -5.491590522398559493e-01 7.743166766108624532e-01 1.785978971139477789e+00 -1.046377468180859305e+00 -4.904298211482689407e-01 -8.312151108618732742e-01 -3.420983758893288984e-01
-1.887243969494999812e-02 5.466779635330696469e-02 -4.750773071271867654e-01 -1.887233770050407711e-01 3.519327631137295770e-02 -2.884877937032404027e-01 3.663071529750018263e-01 -7.627534933756979774e-01 -9.165155449015441880e-01 1.534472454911247619e+00
-7.945242015361186905e-02 -2.989455392419231861e-01 8.875943295498242014e-01 4.533654778599937596e-01 1.268739968469819457e-01 -7.659123966406747863e-01 1.256545958582540701e+00 -4.286691820894186766e-02 -3.902127540895061752e-01 -3.073826672505856616e-01
-1.723454826774136084e+00 -9.961024853417123071e-01 4.400378477645912056e+00 -1.498410208586631542e+00 -8.296622314473243165e-01 -1.532729479898550684e+00 -1.545059766833995374e+00 -1.349876481764211489e+00 -1.772707385683770287e+00 -1.346574939686539407e+00
6.675412696364373399e-01 1.724478402886102102e-01 4.591627124035230767e-01 3.475243548303958985e-01 -2.043696731377907805e-01 -4.243425223765234788e-01 2.390532533239179969e-01 5.403238892125895865e-02 3.805537448844295567e-01 -2.299076202964407956e-01
-5.481840804038624615e-01 5.039174261728422977e-01 2.835314894908966821e-01 -5.282512552806678530e-01 -9.462440227080005928e-02 1.364299210594561440e-01 3.311911651359756292e-01 1.113470953777967801e-02 3.081326911782627520e-01 3.624192744385803522e-01
-9.828143113250212837e-01 5.447091140021990796e+00 -1.201877341905048580e+00 -1.792737363499716796e+00 -1.700915979294155056e+00 -1.377762095389886365e+00 -1.099344006711374222e+00 -1.392139233392450492e+00 -2.102907575222673575e+00 -1.278199783182271121e+00
-2.941363722678275172e-01 -3.220398753744437848e-01 2.151942222902363810e-01 3.769967497292345815e-01 -3.461900111165549521e-01 1.871817232922177721e-01 -2.535029295677622696e-01 3.894221302341870361e-01 -2.898661738172708668e-01 4.730261089453381695e-02
4.651674924489294094e-01 -2.731248054623167457e-02 -3.918592768157221351e-01 2.679439281328183653e-01 7.670216933008289217e-01 4.775119768786495467e-01 6.518954488377405598e-02 3.001352955988361229e-02 3.669512108783840598e-01 6.434128751751994058e-01
-3.955741140435950487e-01 -1.125510598557493552e-01 2.644472904914771383e-01 5.320590606887898311e-01 2.696536374704681660e-01 1.092210203397744772e+00 2.497789188249594505e-01 -5.036313939776119186e-01 -9.221132292458169566e-01 -5.708139687927201722e-01
4.164687398816345754e-01 2.160607229163071519e-01 -8.658507304807222527e-02 -8.006275964388949104e-03 6.068772025809155563e-02 4.015398916196239454e-01 4.959145809690431728e-01 -2.649199470952554036e-01 1.561521481423396585e-01 4.118910583529197811e-02
9.727535213607133024e-02 3.910317665950709953e-01 2.408819762168482592e-01 3.737969662995865860e-01 6.397392095026539494e-01 1.167735232134362207e-02 -5.885814296523165234e-01 4.473490245814490396e-02 -6.160636595942563937e-02 6.659683424308040500e-01
-2.293396300040789093e+00 -1.866824601075841805e+00 -1.139139128704392157e+00 1.074381670611463946e+00 -2.921655844988602979e+00 -3.377520062028495640e-01 -2.081020008318971826e+00 -1.822712735494173009e+00 -2.288496371314333810e+00 -2.570219731345470660e+00
