-3.089341120449961564e-01 -3.152693160418239549e-01 -8.613101631818145254e-01 -2.055387452375139756e-01 2.092267326624497770e+00 4.799292797592998733e-02 1.420261464968756437e-01 -4.475736954466555395e-01 -1.443087444524449925e+00 -1.393052257435519303e+00
-5.295534977931017906e-01 1.449500356422448233e+00 -1.411079532405199455e-01 -4.660352398873417873e-02 4.957994166608202802e-01 -8.049454041780007563e-01 -3.180863016841142255e-01 -4.173193214178971266e-01 3.132858639510583409e-01 -6.680865789713544833e-01
-1.531791653510971088e-02 7.768254250413014761e-01 -1.271230711661668122e+00 -1.091092412011770013e-01 -6.757368037103009817e-01 5.076907685920546698e-02 -5.587506445794067078e-01 -1.167109892898190865e-01 6.765916056423099123e-01 6.867593095600138531e-02
-8.423439155579366400e-01 -3.672532064642183292e-01 -7.344760277360438128e-01 -1.690317592047540618e+00 -1.101408746867935107e-01 2.117440836539937976e+00 -9.799309312203823286e-01 -9.568613762768051201e-01 -3.224535234347967183e-01 4.704332656597257079e-01
1.334928109849207404e-03 -1.400505449385420209e-01 5.358123674383790114e-01 4.249189696892207713e-01 5.200784344636493195e-01 -2.239597285392268544e-01 -7.620390746164953932e-02 3.720711955330343046e-01 5.172504563554014556e-02 -5.633377572989080040e-01
8.850218324532231895e-01 2.634549447356487328e-01 -3.521559159897070801e-01 -2.667274539698532565e-01 -1.128995512678583557e+00 9.164538836078995818e-03 -8.490016216392861637e-01 -1.054202720172458418e+00 1.248968602486947743e+00 -7.145107842629854211e-01
-9.490922982653703099e-02 -1.731234906727744105e-01 -1.008966406771439672e+00 -4.030772738973874558e-01 4.407208930052069484e-01 6.940381071115762912e-02 1.707640967862202597e-01 1.292601235738313425e+00 1.961713121543786631e-01 -6.293157581168901116e-01
1.018598436486515268e+00 2.013616642043662296e-04 -5.303496803345596478e-01 -1.330581125789046804e-01 2.889899527737097018e-01 -1.260008433939566186e-01 8.225773422843495053e-02 1.075080630035916002e-01 -5.330541408733764364e-01 -2.726143795800085434e-03
-1.881762958529513252e+00 -1.771994848576157855e+00 -1.868814104709998647e+00 -1.791266760680029657e+00 -4.903597251184526606e-01 -1.760799511639266068e+00 -1.783472350278129781e+00 -6.665171146035770988e-01 -2.970337208357261893e+00 3.755171394692992326e+00
-7.828718517904673657e-01 7.667953248341345951e-01 -7.889172538855405981e-02 -3.409746991920722392e-01 5.272755873245429381e-01 -2.242618996333042569e-01 9.905524133773865314e-01 9.288567775792076764e-02 1.918183755650308964e-01 6.542538846195459223e-01
9.504117690031690935e-02 -7.863103448022298325e-01 -2.710094499477662677e-01 1.400350805888765260e+00 -9.418185365339619697e-01 5.362651640207235504e-01 4.257046169934824431e-01 -7.053654910204826267e-01 -1.073510463704405504e+00 -5.095103631577699854e-01
4.297044435349776093e-01 2.428549462421242922e+00 -1.291378310446319677e+00 -1.377812599227741908e+00 -6.003203444138445199e-01 -6.854248776292830581e-01 -6.656978705315582667e-01 -1.094708949517006813e+00 -7.726796843925894942e-01 1.993316223000227427e-01
-4.265424607669154322e-01 -4.095378945318742248e-01 1.142581875599586044e-02 -8.849988863549242968e-01 1.209391579215595286e-01 9.608359786018977333e-01 2.967202684819907899e-01 4.676888887340296952e-01 -7.235902774895303091e-01 3.580063185027830275e-01
-6.760574906379739069e-02 -1.028050734683823908e+00 -1.123761176585865496e+00 -2.770408885700495483e-01 2.824774287161290753e-01 -1.814350814798548484e-01 -1.314232819136410102e+00 1.484714569146841301e+00 -1.600917152541385224e+00 4.001334671487146721e-01
2.708019171968340189e+00 -5.273292270769128764e-01 -3.615006869677511170e-01 -1.138397825778989791e-01 -3.476948951284771772e-01 -6.425903423585813679e-01 -4.300739315321230327e-01 -1.837271536245617676e-01 -1.376576322797466556e+00 -1.179580759809327306e+00
-1.719990540325823325e+00 -1.080490231759279274e+00 -1.309884945190437744e+00 -2.225882658390808899e+00 -1.959045270326059018e+00 4.742924158181001104e+00 -6.163827798226606536e-01 -7.408066815394475091e-01 -1.979733520135272151e+00 -1.416679495178397863e+00
-7.424143446113705691e-01 2.722087711663390586e+00 -7.402238163132706106e-01 1.162107641740106334e-01 -8.993181690365467107e-01 -1.017905622552333300e+00 -3.861589526054362564e-01 6.393163366791412838e-02 -7.078929925951397140e-01 -4.095266198428391680e-01
-1.231671797155437648e-01 8.316100591277787446e-01 -1.683672046553499335e+00 -6.689642274303150282e-01 -1.229280464634123077e-01 7.001211251683790993e-01 -3.534710621331590974e-01 -6.257019920568542837e-01 -9.746699662739640724e-01 -7.582162619867997000e-01
-6.539357445488520604e-01 1.269406972668460476e+00 1.008041601374566332e-01 -8.024573912857077551e-02 5.413718387188983794e-01 -6.343377895859191318e-01 -6.819913872542729960e-01 -4.855677295302806007e-01 1.551952176402334460e-01 4.192376994764476089e-02
-1.858318572954728465e+00 -7.884300840576701219e-01 -8.232565262819965257e-01 -1.563513183375911719e+00 -1.543905155269011953e+00 -8.679472275685119476e-01 -1.548444291551030139e+00 -1.442197355553876958e+00 2.914601408875996835e+00 -2.029632408408968303e+00
-1.086518535752462877e-01 -4.822557017421707504e-01 -2.108053376753865893e-01 3.698823778486463043e-01 -1.332876267992559205e+00 1.352936744460021101e+00 -9.802134347245051726e-01 4.573097382137080169e-01 -8.623901873630291925e-01 -6.385481217888132610e-01
-3.349961801805346751e-01 -6.907886826522325885e-01 -5.654618339838452662e-02 -4.050540946661056879e-03 8.049608771269163299e-01 -1.735125136677617974e-01 -4.853185723667173268e-01 -2.872953507150144414e-01 -4.131921023954262390e-03 -2.450263840147289332e-02
-6.161607775128737918e-01 2.003607802755216216e+00 -1.983445242755869642e-01 1.050815315468243277e-01 -3.004442257967042118e-01 -7.008199884370722721e-01 -9.134464465700583569e-01 -2.914804976859829422e-01 8.227549280233645290e-02 -1.879285778730836187e-01
-3.219314620875197153e-01 -2.224865230688621021e-01 2.692562044859503345e+00 -6.844961715329084262e-01 -8.467080145300455163e-01 -7.796217141582938437e-01 -8.642835032463156431e-01 -1.223665026596912675e+00 -8.447619406679266474e-01 -9.329343536045496821e-01
-4.053411574330774148e-01 -4.132445892816198896e-01 5.807221554476401648e-01 1.368087318540463782e-01 -4.143183856353764294e-01 8.771103254709516905e-01 -1.492244646392240637e-02 8.944446299713675330e-01 1.973406861627682862e-01 -2.640360842235624506e-01
2.237218746609021588e-03 -5.227304403928025867e-01 -5.763266618468435576e-01 -6.958171218108489819e-01 1.945264901070114405e+00 -4.430353473887381766e-01 -1.349412700945148869e+00 -5.555913531097489422e-01 -1.026655263153624098e+00 -3.871023338975588396e-02
-7.419169364110823894e-02 8.057683337726687101e-02 7.938862288861754657e-02 -1.064763503107978071e+00 1.940666246351282265e+00 1.386332598586045295e-01 -1.050345381613012608e+00 -4.508576714344859626e-01 -1.045008253330873105e+00 -3.523168533466393137e-01
9.245754687304772457e-01 3.198010074979482642e-01 -5.057638333071939885e-02 -6.211699806401391188e-02 -3.408408205871732988e-01 4.681257305562386839e-01 7.026867411376602757e-01 -1.427716209205786013e+00 -5.472725466686516604e-01 -3.384052730095449268e-01
-5.227711555472538407e-01 -5.224193767376851261e-01 -1.091121451222048844e+00 -8.514829680341977625e-01 -8.822699952768869869e-01 8.299346036405637062e-01 -1.480273979833079956e+00 1.892722272746687695e+00 -1.116396898984908681e+00 -3.143303658189212091e-01
-5.316332449662208859e-01 -1.042028190392317200e+00 -1.085497248328294084e+00 -2.866780661966099597e+00 -1.509336184246222734e+00 4.273923337133451739e+00 -1.551851853373487966e+00 -1.028308230002314083e+00 -3.110189069159353892e+00 -1.872632935810921939e+00
-9.623742202884402186e-01 -4.392945072434093490e-01 -8.771809907313260490e-01 -7.824071828675409623e-01 -5.049648152170204130e-01 -9.920468916239844059e-01 1.912909618422459490e-01 3.262268980060146095e+00 -8.828959063676661279e-01 -1.135471847944153900e+00
5.083051917495265970e-01 -1.074158828585067171e+00 -4.666349185850792169e-01 -1.314833021853171635e+00 -4.558258435545107234e-01 -1.963727653062744827e-01 -1.076825564559130033e+00 1.817201899389049302e+00 -6.955529386799780278e-01 -1.106261045622075168e+00
-1.574654348798044889e+00 -1.684086359464902483e+00 -1.326673559028839877e+00 -1.688280115715301788e+00 -2.086349771207693049e+00 -1.508840325904498902e+00 4.753552654127676469e+00 -1.677428691707384178e+00 -3.033579516611744076e+00 -2.086486126654337969e+00
-6.834296278957949777e-01 -8.799435000057441725e-01 4.048963163434477153e+00 -6.112771805188025320e-01 -1.673829944679552373e+00 -5.505813102366948764e-01 -1.307971757137847746e+00 -9.335103606842062307e-01 -1.622768936136870677e+00 -1.024593334502770015e+00
7.118453908557208915e-03 2.467910071258683502e-01 1.179333798771967923e-01 -3.251320428414282149e-01 -9.768721141671225794e-02 -3.124992734835400077e-01 -7.653219255078332062e-02 -2.624992338815109183e-01 3.631881794482978432e-01 -5.958588436652005882e-01
-2.382241578786316261e+00 -1.508306657721407484e+00 -2.285771695009464199e+00 4.281853622279948368e+00 -1.321909733460819414e+00 -5.175671115381985654e-01 -2.228987458619963835e+00 -1.868644599726481337e+00 -2.742636247774858482e+00 -1.900410629432895737e+00
-4.874726514152592505e-01 -1.084940942746554393e+00 -2.225666721674698229e-02 -5.209227961876978785e-01 -1.590885432571264579e-01 3.287531466617551468e-01 7.896203160372716745e-01 -1.912668350668124684e-01 -2.945521298278028777e-01 -4.140882741262655320e-01
-2.946982417726458081e+00 -2.950420956991008925e+00 -2.354465687835502585e+00 -2.058644367039164980e+00 -2.556421057572525246e+00 -2.733867927688699684e+00 -2.655144640615049401e+00 -2.582994837720012260e+00 -5.764197660330720036e-02 -1.613138011725594234e+00
9.978698975899741308e-02 -1.448021136158421374e-01 5.605639047571678857e-01 5.423031973009162510e-01 2.943506638790313046e-01 -6.337806141164058493e-01 5.835484202859982927e-01 5.856110387165636144e-01 7.162203497174385314e-02 5.786376276365468030e-01
-4.687640179880790958e-01 -1.040509973975442870e+00 -2.605006207724084311e-01 -1.100601574169226549e+00 -4.333279237383812210e-02 6.905452630076962528e-01 -4.424692783289953524e-01 7.032990562118632827e-01 -5.112717536100351845e-01 -6.320316740266714861e-01
-9.224168942826095341e-01 7.013680092893345708e-02 1.691024803693370382e+00 -3.503490347887949219e-01 -9.556717289776782698e-01 -5.309070585065767123e-01 -1.422900482216025997e-01 1.401212273824819186e-02 -5.256593793154261673e-01 4.987020961172788230e-02
-4.230088149295030964e-01 2.448936784606423056e-02 5.100566028022442966e-01 3.870627367018920628e-01 -8.682398789457600186e-02 -5.456097873348135785e-01 3.094413445135782426e-01 1.654193530485663366e-01 3.973544805832787130e-01 1.429027758850754504e+00
6.905147487609250012e-01 4.346876896202535590e-01 1.562472938368744853e-02 9.688165779541983991e-01 3.695207936095581958e-01 5.114263564701873044e-01 -4.731540385458887776e-01 2.191532471121371839e-01 7.564237237827388105e-01 -6.134859896281179559e-01
-8.121548662589683776e-02 3.002242684728010924e-01 -2.576728388770213041e-01 -4.552434727949336013e-01 9.895984141523399280e-02 2.439441890998003681e-01 1.693211219999241623e-01 -4.193379447900483781e-01 -1.162806257975654983e-01 9.720375117614735161e-02
-2.207918111873659051e-01 7.713248140459274538e-01 2.869902483920791503e-01 9.409363443782651215e-01 -4.779411619289459789e-01 4.765569986360075616e-02 -6.910856771059704640e-01 2.270200247127516502e-01 1.181757504364027017e-01 -3.273724976814830212e-01
6.563358837407904378e-01 -3.353447846528900267e-01 1.845758557546926526e-01 2.021484737062811399e-01 -1.678040215353686360e-01 3.743841727573550826e-01 -4.220225414598560709e-01 2.077238207213933652e-01 -6.250714970514960056e-01 7.434402071636008191e-01
9.178807095022170626e-02 -2.479535963680167265e-01 -9.759531755254793883e-02 3.564729336110760705e-01 -4.196589979625856004e-01 -2.504626973555323377e-01 3.755347052496445515e-01 -9.768720730894638049e-02 8.985180426888801641e-02 2.218572974308021320e-02
-1.302026542127704190e+00 -1.247302104121216226e+00 -9.689873611596792058e-01 -1.677347868753204407e+00 4.838187120962139431e+00 -1.328434041273217847e+00 -1.886866914252067762e+00 -1.309591938273402922e+00 -2.721744585909128045e+00 -3.847649340332015555e+00
-7.612530549679955572e-01 3.693139818796762897e-01 3.189456246000565987e+00 -2.575221373596592311e-01 -1.377380875877413979e+00 -4.187220660275082218e-01 -9.831700004601195975e-01 -6.196547981624345169e-01 -1.407477395190828817e+00 -8.289427310359884782e-01
-6.940688758836838224e-01 2.232693025798408726e-01 1.167697323537374293e-01 1.877685774802030361e+00 -1.242482926987585889e+00 -8.727130336794227672e-01 -3.657109657623879850e-01 -2.711374348352867947e-01 3.481310688048137592e-01 -4.348321999051928399e-01
-7.862533249042046313e-01 2.996733410291725352e-01 5.525632851340275264e-01 2.291909248664417975e-01 -6.875985447248009752e-01 3.328161841330101733e-01 -1.987129727439699844e-01 -1.080785720204558154e-01 -6.056175102808640798e-01 3.378341005881255188e-01
-5.365279824660093011e-01 -1.457487924696391435e+00 -1.242711954150044873e+00 -6.728303215006667948e-01 -1.606560702879746838e+00 -4.570149598374157462e-01 4.145434236870095823e+00 -1.273304582502182924e+00 -1.952327690767792667e+00 -1.057710112273064329e+00
-1.391923416195852470e+00 -2.370498480756813575e-01 5.902367452764937378e-02 -8.762917811223475129e-01 -9.512069296070241320e-01 -3.202652271891344715e-01 1.277216917302033128e+00 3.599822364290312660e-01 1.586112906541831680e-01 -2.370140832277646825e-01
-7.104622855539972637e-01 1.086651686059919131e+00 -1.031184850053842084e+00 -6.619186409317140418e-01 8.817040438417650394e-01 -1.311838243564798390e+00 -2.029947357330563473e-01 2.799390808166384303e-01 -1.261324816939323190e+00 -5.574450989321395600e-01
-1.817885533138501597e-01 2.777343370383446395e-03 -2.115602745856512701e-01 2.684535925262582223e-01 -6.068807143125436454e-01 4.103603650200677438e-02 -5.717700374433318244e-02 2.653554260608019799e-01 2.397216881259529586e-01 2.727817284917776197e-01
2.004511329542743858e-01 8.283155744724293723e-02 -4.349114313766297979e-01 4.660811441278697731e-01 2.629771711875224516e-01 -3.016137145793170229e-02 1.061397946807196568e+00 -2.993460558031194596e-01 -9.890305388735930181e-02 -1.453052190906997387e-01
-5.756825863288349554e-01 -5.893313029357402089e-01 -1.598668317832272270e-02 6.403344160286007607e-03 2.002899310949602107e-01 -4.717464877767304499e-01 -1.934619210731546024e-01 -9.767071524373431846e-01 -2.023584070823384040e-01 1.502200648414454554e+00
3.093456526179101940e-01 1.005856718006659323e+00 -5.136539001565849638e-01 -6.530546185066186116e-01 1.226084895960291021e-01 4.752038611533546120e-01 5.043882222598038423e-01 -9.939045436531322719e-02 5.331240306222627678e-01 -1.010920996102725455e-01
-5.057255378642872001e-01 1.629143283852537039e+00 -4.593655417169843491e-01 -2.485405913483637041e-01 3.409217699282761638e-01 4.695173390436334082e-01 2.772402575709661532e-01 1.217119903288323757e+00 -5.976171644071412992e-01 4.614809008548111380e-01
-1.147226320946693967e+00 -3.679881243629399834e-01 -2.649393145586944054e-01 -4.069063335510262891e-01 -6.055466981329089560e-01 -5.045641690882654018e-01 -2.327739570033116323e-01 -6.109771539347308433e-01 -6.520640114770375195e-01 2.175427817019188748e+00
1.017923963449117453e-01 -3.047826946312937046e-01 -1.306819063097271805e+00 -8.320171500320070468e-01 -4.589502220848745151e-01 2.688484909435727932e+00 -5.232617611198919771e-01 -1.269964893768307790e-01 -8.827544326859675383e-01 -9.338858603490475252e-01
-9.866741633213744755e-01 1.627013646182030593e+00 -4.548687444663108703e-01 3.238005502009234926e-02 -5.860221129889487957e-01 4.403411710595451778e-01 -6.591264957041280681e-01 -3.121494712931682791e-01 -9.197624221203059003e-01 -2.277311834686699538e-02
-2.297539536899191048e-01 7.397891171451725922e-01 -1.048324928716281690e+00 -3.259902541754897687e-01 -7.639112849653004744e-01 -7.124002527066841672e-01 -4.496332416087758799e-01 1.096218946032199826e+00 -1.058974720251821822e+00 -1.230613803244497095e+00
5.510068887515815472e-01 -1.674825260644563774e-01 7.998028740307336903e-01 -2.262736732707671117e-01 -3.202989944467905525e-01 2.605302516978666993e-01 -5.778869715405150070e-02 3.905805617100260307e-01 4.493643394786489553e-02 4.239316186642577700e-01
-4.405209545659589665e-01 1.796206111001351857e+00 4.770115538652758280e-02 -1.141049126708766570e+00 -6.058405791980412403e-01 -4.964304594340373522e-01 -1.063868109186215938e-01 -4.672111279058925870e-01 -1.884894149631640037e+00 -2.950349070390054229e-01
-8.894603281791952920e-01 -6.353489678690735776e-01 -2.658212488353443592e-01 -7.440783864828480476e-02 2.142661038524367623e+00 2.578496929612661970e-01 -2.007448709851072655e-01 -7.701376329675045929e-01 -1.413056605049938796e-01 -1.665868132848894900e+00
-9.103051651453936133e-02 -3.375194223529823234e-01 1.783807242375707314e-01 1.034025571283496703e+00 5.076272320945152128e-01 1.081178431946919621e-01 -8.310760562082472602e-02 1.282319917839970513e-01 -6.292610111453466049e-01 -2.199565989151432699e-01
-3.640395315071864174e-02 -8.759856705563646984e-02 -3.099561095169871550e-01 2.319286419000980426e-01 9.797188089233761776e-02 3.016790995603476633e-01 4.980733336203780476e-02 -4.067097547867825069e-01 3.354692003987060911e-01 -2.522505371495306625e-01
-2.242537814029314791e-01 -1.079181560643662552e+00 -7.381452256618520336e-01 -7.362222422814005407e-01 7.253609686370077192e-01 5.091227491397894850e-02 4.258147943581090389e-01 -2.700693828536863128e-01 2.103921248282904777e-01 1.179854138622815851e+00
-9.696857434564228051e-02 1.158961496398218882e+00 7.093260859130289253e-01 3.687134926362420351e-01 -1.473687936319943714e-01 -1.333638804521282806e+00 -9.196259822573863429e-01 -4.094346573646944210e-01 -7.097374281530979268e-01 -1.232277318896044971e+00
-1.643868532494708656e+00 -1.327776476342796608e+00 4.377463001675828025e+00 -1.540643677565589842e+00 -1.491995853948517192e+00 -1.337904171492445116e+00 -2.711337616565646425e+00 -1.337469117202572111e+00 -3.401093745030824067e+00 -1.952755355375521029e+00
-1.457600232747724212e+00 4.795917628460737880e+00 -2.245529482134095201e+00 -2.003154616461869875e+00 -1.626277614929164450e+00 -1.786280236452261194e+00 -1.644029780592999090e+00 -1.762724623498756360e+00 -3.035253698336034311e+00 -2.082546725355731709e+00
-6.092531502410966082e-01 3.334675091218655574e+00 -8.281763939510355943e-01 -5.229770031065954505e-01 -7.485222576751877632e-01 5.652896762395370062e-02 -5.350649032048537812e-01 -8.658089346291782951e-01 -1.168664136715683144e+00 -1.094236513965871627e+00
7.476370163186596418e-02 2.681970350986717100e-01 9.002997304621579433e-01 2.775867793903881164e-01 5.499401519385609394e-01 -7.336911774558682597e-02 2.535233219922816694e-01 -3.440750280733291810e-01 -5.931713435608331197e-01 3.701342475919295882e-01
5.393502248722914061e+00 -1.211941028751731153e+00 -2.117094240574081798e+00 -1.548015589915800350e+00 -1.398300531422194792e+00 -2.634113295183987180e+00 -2.405539831667370620e+00 -1.159933629036814073e+00 -3.140096417034659471e+00 -1.770425725043928367e+00
-5.730892608436753966e-01 8.104738204741238072e-02 -5.895247940155380340e-01 -2.571641719033520346e+00 -5.026088567709786625e-01 3.754965871446568126e+00 -9.593632770960209832e-01 -2.572862568865799671e-01 -1.470103348894956863e+00 -4.408375288887919630e-01
-1.115598413012566681e+00 -5.208078558828068694e-01 -1.270527302642762812e+00 -5.643956072082776387e-01 -5.295185462063535242e-01 -1.050683216242798812e+00 -1.410761650729814409e+00 6.459936228646271372e-01 -1.880190571919768905e+00 3.377704141999243070e+00
1.294373876646113530e-01 1.208308889147665099e-01 2.432566163344924981e-01 -4.622753224914044057e-01 4.674402409115464563e-01 -4.558783420669030306e-01 4.119033028156228737e-01 3.768347035939729750e-01 5.304319008448370454e-01 -6.805819269002461036e-02
4.899481177227298923e-01 6.911283874955964635e-02 1.358648196438735356e-01 -4.369366071061770995e-01 -1.117456342590889135e-01 -3.156520222930832009e-01 6.255664069504553171e-02 -5.681690407499589979e-01 9.834928526014294348e-02 -7.982703728028681112e-02
3.848130130057995091e-01 3.695130623038089812e-02 -4.434545236272118690e-02 -7.068275688036751436e-02 -3.852766078333096922e-01 -1.549794361683028698e-01 -6.363078243558106806e-02 3.497098887984884108e-02 -7.519826111796095169e-01 -2.216114906883956404e-01
6.451512126277011983e-02 -3.876172840286993271e-01 1.422684204390305407e-01 -1.788178826483145670e-03 3.506114174673707340e-01 -1.770795945686566286e-01 6.612849795104933648e-01 -6.575142151073720687e-01 2.561156050825035280e-01 4.001362869570994629e-01
-1.665993421722420376e-01 1.955855666697773054e-01 -2.598564698411318652e-01 8.993672913042681794e-01 2.746539331488965230e-01 -3.019719353771566084e-01 -2.264994467062125261e-01 -2.806433448151307020e-01 -3.541941475001850193e-01 -7.373831371047229188e-01
-1.528758743229695183e+00 -2.675980497834161698e-01 -1.288783776326126951e+00 -7.201902988337804956e-01 4.587888429985814698e-01 1.996165445768885771e+00 2.770415339338931915e-01 -1.826229453879609999e+00 -1.288425319107176392e+00 5.616354762658633260e-02
-3.102360882023709188e-01 2.377042256146790489e-01 2.435136803466557143e-01 -4.603467647850500444e-01 -3.317109377058952147e-01 -2.320646436168452842e-01 -5.346420844906434322e-01 -5.128073636836373295e-01 7.254357692610158281e-01 1.144370554788569416e+00
2.651191964645371879e-01 2.595892040591090549e-02 -3.915026451247093919e-01 4.219202031234415284e-01 -2.699606820951155894e-01 3.827380426086965381e-01 -9.667621415858744516e-02 -4.755286706819518150e-01 3.145886909627883254e-02 8.836811120556306576e-02
-2.244542660838233505e+00 -1.868124623610771806e+00 -1.762467748949779311e+00 -2.071180431195644545e+00 -1.922979268639902539e+00 -1.923050345196549937e+00 -1.553351994937797187e+00 4.882703850018277336e+00 -2.791527564552522822e+00 -3.393053112441697383e+00
-3.999925385092861774e-01 -3.133169636964904803e-01 -3.620254120821090882e-01 -8.926028717722537253e-01 3.440126733595345598e-01 -6.739490991770055173e-01 1.646067724751719252e+00 -8.870617933112689979e-02 -9.083295071961043909e-01 -2.514978263784120038e-01
-8.120100890799640814e-01 -6.749491949788425371e-01 -3.617083934900414133e-01 -7.777460455400587724e-01 -7.489203540030580086e-01 -5.796640325980542130e-01 -2.383566774098818189e-02 2.439836328683144817e+00 -9.278019099310427231e-01 -1.545805881319732844e+00
-1.142613822588938621e+00 -9.269371623282635086e-01 -1.829199543808864625e+00 4.165327106592278561e+00 -1.025209441912450226e+00 -2.122710519109100691e+00 -1.504760975536837631e+00 -1.568459679898266401e-01 -2.251779268625552888e+00 -1.419908914691342172e+00
-5.447549000767745175e-01 2.144297573712285188e-01 5.397263146819247098e-02 -1.516455721893814168e+00 -9.074396464728644585e-01 -8.899337645472307212e-01 -2.531572973949904881e-01 3.407424951926460555e+00 -1.689093425893256617e+00 -1.701888517764115205e+00
3.293022762898387135e-01 9.186372765883140667e-01 -9.084245847546357222e-02 3.174381225141352236e-01 4.132534633822911863e-01 3.534464591689943647e-01 2.531323780397979895e-01 2.570922565735937471e-01 8.437530762005951424e-01 -1.158358950121866071e+00
-3.867061348306364277e-01 4.565125122928100354e-01 5.225088002144387955e-01 1.439382757881599861e-01 -3.690561592683894721e-01 -8.874259912976596720e-02 1.770851104596519177e-01 4.824272397597322848e-01 -5.717989735761951076e-02 -2.610286587275144621e-01
3.289750519177851440e-01 2.719713217968486862e-01 4.781924412303319993e-01 -3.755563401736586870e-01 -3.425030323682305422e-01 6.230375578372369105e-01 6.124886813449684775e-01 9.873877465896857553e-01 -2.035866633648470980e-01 -1.972052218158116266e-01
3.330025617716504405e-01 -2.225858358372979351e-01 -2.893579439070310122e-01 2.400917398131732494e-01 -3.990060276265045558e-01 2.138774999326904069e+00 1.736929282394852336e-01 -9.095812444116275763e-01 -1.321244111603635085e+00 9.311475710699947950e-01
-7.309321205990847448e-01 -6.139838529814690693e-01 -3.739110770088508451e-01 -5.942576463922701890e-01 -1.104574269841645862e+00 -2.195392774001559966e-01 2.360249372651654076e-01 -1.211397674558636062e-01 -8.023358096134241002e-01 1.810536004111837460e+00
-1.159753736979723726e+00 1.800522886905998821e+00 -3.862973860145576532e-01 -1.660047703972773681e+00 -6.129373345079660584e-01 8.101883224193092703e-01 4.312552376688665035e-02 -2.557351158205953268e-01 -9.322647064217410851e-01 -9.998163559674910772e-01
3.170099978350459646e-01 -6.948547808083453958e-01 2.084598946705505107e-01 -9.483174173622508363e-01 2.949404630121456594e-01 4.829983634750633636e-01 -1.336269813503181969e-01 5.068794631371771331e-01 5.132114068128643680e-01 1.768451076982575088e-01
7.691830026370681528e-02 -6.277923364813168261e-01 -6.002259939498151287e-01 -3.671957818305373045e-01 6.172285441986293808e-01 1.604705750809478859e+00 3.762152798446575241e-01 -1.494453340893787452e+00 -4.846474379188193127e-01 -7.952762602063808695e-01
-9.250201674372977578e-01 9.843089032136757011e-01 1.452410828039884638e+00 -1.443007647576010744e+00 -3.174296602386953992e-01 -1.024089208638914207e-02 -6.719588704219034980e-01 -4.255093512411456946e-01 -6.617722622820926270e-01 -7.518977784252175445e-01
-1.057766722120611069e-01 -8.153427111896555113e-01 -8.209098723992334923e-02 -1.092271639081072498e+00 -5.727376765826659444e-01 -7.276076135399143219e-01 1.643087418901068020e-01 1.914555884025174404e+00 -8.222736279831529549e-01 -8.219481471912247761e-01
