-4.712602858244283599e-01 -3.686678697002289673e-01 8.137501993447724402e-01 3.339235933261621714e-01 -9.190906834289885863e-01 5.420712081869886179e-01 6.899395655437969843e-01 -7.406264918268653519e-01 2.658644964012780165e-01 1.871036517432467794e-01
-2.226738634285034268e-01 3.404416946702419011e+00 -7.893408922443988507e-01 1.187430511335180877e-01 -1.613375229772708863e-01 -1.655762326532772555e+00 -7.423181127842641835e-01 -5.821116731571915892e-01 -1.663249979002914047e+00 -1.517156878775246520e-01
-6.744560086687427791e-01 2.113292210218924716e-01 -6.257663380046145363e-02 -5.694454381029723233e-01 -1.831313658342254014e-01 -2.722659494907154754e-01 -8.349863287891730046e-01 1.935748567899622463e+00 -6.299677580952218747e-01 6.989255107942242418e-02
-5.771705492346000943e-01 5.280745215219887490e-01 -1.281123017977868761e-01 -5.051892415731710217e-01 -2.004737539016605494e-02 -1.297253830245568285e+00 6.859873074646313240e-01 -6.303126630782892592e-01 -1.661991358936763252e-01 -5.059059680386414071e-01
-1.153549450803885157e-01 -5.362453410817435984e-01 1.369884932016435519e-01 1.508898360714310494e+00 4.215531714549856090e-01 4.960332883967473738e-01 -9.229309441022094385e-01 -1.848141876106310089e-02 -1.365157484668874543e+00 -8.797706957784229287e-01
-1.218365847410579406e+00 5.779596207588731938e-01 -5.330196723398166192e-01 -7.270547516211278705e-01 -6.149159549896474619e-01 1.127456113272645721e-02 -9.278125091654607637e-01 -3.359729453699411561e-02 1.684042816224280648e+00 -8.860914253528828777e-01
-1.037025304322325203e+00 -1.670645279642245740e+00 -4.766055810924685332e-01 -9.200934109436258446e-01 -2.336329602321108645e+00 4.030713773259450683e+00 -6.817857038332751918e-01 -2.659932312706548840e-01 -1.928145215584003980e+00 -5.683140666914767714e-01
-4.569493962084422711e-02 7.331001116896146419e-01 -3.220790675888193788e-01 2.041833419480866052e+00 -4.727706070833864738e-02 -1.860617541040446299e-01 -6.321266583537975547e-01 -6.444984758468240704e-01 -9.568631777448020070e-01 -1.743462684886301628e-01
-6.096148970221720864e-01 1.744177285746017159e+00 -5.782722705640495064e-01 -4.942124637852864932e-01 -1.317624104048638944e+00 4.792696386809703335e-01 7.215204338975895748e-01 2.141222753940769941e-01 8.672679100147764886e-02 -1.092778810560844222e-01
-8.589051585642494269e-01 -2.236550557244137462e-03 5.353760637972594383e-01 -7.475967828487877220e-01 -1.894872033698880853e-01 -1.486360070993852367e-01 -9.658173034578217964e-01 1.230376292357461265e+00 -8.408827446172704168e-01 9.450400028996817081e-01
1.039482809859735957e+00 -1.840471914401469455e-01 -1.279925969795038532e-01 -3.320677172418007306e-01 -1.544434496484715647e-01 9.344709828253822126e-01 -3.366367482761902785e-01 2.301711292797898878e-01 -1.451639678259133648e+00 1.019945562560455182e-01
-3.113615148040545400e+00 -2.292354215880579638e+00 -2.275281626274222813e+00 -2.971420949011022383e+00 -3.006078742639441970e+00 -2.666338495329139135e+00 -2.342543386019990681e+00 5.310314227519482344e+00 -3.717030140652473058e+00 -4.937149246241014922e+00
-4.302602852797041133e-01 2.785353132541302568e+00 -7.262946315563930666e-01 -5.455369535137342130e-01 -8.645840974445134774e-01 -6.685269294141521490e-01 -5.198762623416481876e-01 -2.145743156311816779e-01 -4.229490883360029763e-01 -2.962833231000590040e-01
-4.659974310052524826e-01 8.427811083253103908e-01 -2.887732452747525103e-01 -3.475366443248559811e-01 -1.851466478529427695e-01 -4.420765190597521488e-01 -1.197242938802413753e-01 -3.000167397468145869e-01 -8.577768473810985783e-02 -1.600073887890313129e-01
-3.677963601774371094e-01 3.121239597089604523e-01 -1.476843184038638956e-01 3.380677408441630782e-01 -6.346193119976027974e-01 -1.693894077554314759e+00 4.337594942828129629e-02 -3.801388135609064522e-01 -1.220441175456425498e+00 1.841067898158806670e+00
-6.185464062681121922e-01 -4.623812459781246470e-02 3.340663374505590255e+00 -1.210440575094132581e-01 -1.205654798732562094e+00 -8.586185347497904408e-01 -9.415657105853411091e-01 -4.889022465033439624e-01 -2.022461079952902807e+00 -3.540677566948894350e-01
3.724888189874429600e-01 1.354652701324997044e-01 -9.898077713364246133e-01 -4.156205204174787671e-01 -2.301677790211575925e-01 -6.635745859828854343e-01 -7.923888577267221844e-01 1.126485381361332028e+00 -1.758786588387818650e+00 6.084589195094975977e-01
2.086212881836768673e-01 5.360577714591417964e-01 -1.072532797234702073e-01 7.808461185580273245e-01 -1.155223955135109282e-01 -5.198706852453182092e-01 -8.570846952190567247e-01 -2.957010657869282300e-01 5.100145417442696338e-01 2.447945157140839767e-01
3.469808385919467830e-02 2.141912302035518523e-01 -9.761223982177116287e-01 1.078114209081978192e+00 -4.118753915103699481e-01 -5.500829643608773356e-01 1.059838043588141376e+00 5.897903585339416832e-01 2.050396920183420180e-01 4.499407246744536182e-01
7.188915700764368921e-01 5.143311007840018628e-02 -1.721280124914037757e-01 7.846141210452938219e-01 5.281682610391530419e-01 -1.248113056162328816e+00 -2.006422791940760120e-01 6.024394386261456846e-01 1.117732269816957974e-01 7.633901469352099012e-01
-2.049927717231389557e-01 3.605207705315547906e-01 4.111159656172180266e-01 -2.289889774054974514e-01 3.496820946448291334e-01 -1.110231012389102379e-01 1.122036654553826285e-02 3.646276400084068059e-01 -1.385736995322154552e+00 -3.650314425527729223e-01
2.107827480808762921e+00 -2.509786075480393008e-01 -9.395072134292078436e-01 -2.960655309939981827e-01 -8.355616869779352029e-01 -7.204492897585298428e-01 -3.516350012638895794e-01 -2.639661699425540631e-01 -1.392884337566846265e+00 -6.938798888001648235e-01
-2.110703755714780083e-01 3.892048938953309150e-03 -3.463060020651076432e-01 5.446585392381704249e-01 3.520076569761205754e-01 2.135017424578493361e-02 -7.519771201038704111e-01 1.731128715321722522e-01 1.210234281225747832e+00 5.634392052222788605e-01
4.394768281811086696e-01 -1.239747260095993980e-01 7.813386642251485270e-01 -2.624701865082406660e-01 -2.197564421298430493e-01 1.864358937339852806e-01 1.716967215389889889e-01 2.499269336583167245e-01 2.400662180120828049e-01 -1.172979267407063264e-01
7.599404817877007945e-01 2.373321099973381421e-03 1.116405255678091901e+00 6.099730959304125455e-02 5.901149200854195476e-01 1.811853694043533691e-01 4.059533966300208352e-01 -6.286876829322672888e-01 3.037076817735413492e-01 3.788461747604215946e-01
-7.166762436437332240e-02 -9.353512651912803122e-01 -7.092833033859861080e-01 4.144741294610126969e-01 -3.527455501809111382e-01 2.654758579248174821e-01 1.683727290862511383e+00 -2.346197540667689652e-01 -2.431384045295677254e-01 -1.116162778709660186e+00
-1.648781696426851739e-01 3.470723499437293469e-02 -7.756821096673008897e-01 -3.873423736673138329e-01 -3.748099806863599559e-01 -3.990409131390008080e-01 -8.844076279967890697e-01 3.829440603964334944e+00 -1.552998415708543911e+00 -1.738204363749157766e+00
-1.421551473400047283e-01 -2.053724054729041681e-01 -4.875905960958064611e-01 -3.325148155307778852e-01 -9.922548168376852384e-01 2.242775909587241046e+00 2.536599279064242762e-01 -2.747735089643920658e-01 -4.318804098458311480e-01 -2.212703409386383713e-01
-2.705010573219812642e-01 -5.292125721824838536e-01 2.806734118194856298e-01 1.017568563144787414e-01 -3.795307694985214919e-01 7.557548566976232118e-01 5.732725854866603798e-01 2.883998618265780634e-01 -7.129644949250245334e-02 4.266478731395785262e-01
-4.143088092701447955e-01 -4.198438209454587455e-01 -9.595577830978695433e-01 3.266949185339904638e+00 -8.131970206959876490e-02 -4.051136311452422367e-01 -9.216436431936863016e-01 2.070143805725886410e-01 -1.146089726312474966e+00 -1.082701209712574775e+00
-6.459745569019746947e-01 -7.855820754101241477e-01 -5.229689172498525052e-01 -2.762200758743907358e-01 -1.242653479505774872e+00 -5.224469502416004829e-01 2.805343209995234677e-01 2.163961625706674496e+00 -9.116896314592711770e-01 -1.159737955725947511e+00
1.230697770790992740e-01 -2.919356862061385227e-01 -7.365042991455046373e-01 -6.207513022140094261e-01 1.539111223011894458e-01 1.325653715138908950e+00 1.402627308617530877e-01 -5.076914042366237334e-01 -1.033638949071112201e+00 -8.268628032969442820e-01
-3.042987193623739817e+00 -1.488118755585888353e+00 -2.788090334857393771e+00 -2.025748878186494295e+00 -3.213354789561011504e+00 -1.297222875388916119e+00 5.367624950515055282e+00 -1.810393609238440504e+00 -3.729558832865716766e+00 -2.366128459817084639e+00
-6.729816192100981365e-01 -4.460022568972771273e-01 -8.520675630115376320e-01 -6.801437328981858599e-01 -1.255195917385531379e+00 -9.605358531818517509e-01 -8.259230843745346551e-01 -5.943422821675583556e-01 2.864373202669890706e+00 -1.029397983407420503e+00
3.665967033520559776e-02 -3.160806827199777458e-01 -9.388987186465936885e-01 -2.652949226183981546e-01 -1.992574657702315954e-01 -4.289809960366276487e-01 -7.895606637022279939e-01 -1.005603573115460891e+00 -5.309861583845836286e-01 2.431759588857151932e+00
-6.489845955010311584e-01 -2.681009348845706519e-01 -7.891612077105168988e-01 -7.056757175993109144e-01 -1.078761540967634991e+00 -2.930037826479495733e-01 -1.440526521945906913e+00 -1.071822433469044489e+00 3.077257561265362096e+00 -1.312867355046919204e+00
-1.469037652921309500e-01 -9.472262262143057443e-01 -8.556168961906233106e-01 -1.132969048333544393e+00 1.172174997825234044e+00 -2.358222921244015613e-01 -3.921771452038111949e-01 -4.370895883964414086e-01 -2.342586943827777990e-01 5.241418768277193996e-01
-5.982074622354006666e-01 -2.004006294734248655e-02 5.335039120714711869e-01 6.362547289054143462e-01 -8.213826570362205981e-01 3.854258379005527368e-01 2.850083122924673140e-01 -1.005021960631458544e+00 4.341445447542807146e-01 -2.963449030615534358e-02
2.590975596437591344e-01 -3.305913755951512267e-01 -6.818602065415897417e-01 -1.773274807399065900e-01 -7.232873490048483123e-02 -6.417781884944722126e-01 3.202527107171582177e+00 1.802567787103497576e-01 -1.500933059853421625e+00 -7.547241469371884781e-01
-2.940507002664826786e+00 -1.808224758567321899e+00 -2.658009948115607202e+00 4.950264046335667523e+00 -1.655151908184118392e+00 -1.561409312092046697e+00 -2.546877763334186362e+00 -1.722855252506692469e+00 -3.692410128838111483e+00 -2.125058242461061120e+00
-2.651700392342001833e-01 1.757910754206801485e-01 8.347865227225910179e-01 4.763117612411136292e-01 5.871983917778152984e-01 5.453597395706230068e-03 1.277341481742922946e+00 1.710606499676315118e-01 5.139991503385765714e-01 -2.106556112562094629e-01
-1.837613761702011406e+00 5.725840409120817043e+00 -2.610644114516123881e+00 -2.348264354945609256e+00 -1.940960566647555119e+00 -1.890392177718722477e+00 -2.619991679653380867e+00 -2.642507088609182819e+00 -3.561491376862873093e+00 -2.419781717601199311e+00
1.619157181662477241e-01 8.329779596742690195e-01 2.750949256707282409e-01 -2.593947593456574774e-01 3.759982519651858368e+00 -6.959492322645810525e-01 -4.214110357151996666e-01 -1.740794608924798315e-01 -2.139452469725767525e+00 -2.456910811384829696e+00
1.055534333787412571e+00 4.299493522621291031e-01 -1.748227907284569116e-01 7.679621204388677180e-02 -1.136231826230543612e-01 -1.190655823645055955e-01 1.112004684906178653e+00 1.314687845063711724e-01 -2.356987874123841753e-01 -4.570774648539796536e-01
3.461333679416411235e-01 9.396716176483316252e-01 2.592976382648568001e-02 5.661566359961572870e-01 -9.106157898077743562e-01 -1.099252097774825326e-01 7.609896043036479263e-01 -1.611187504711895757e+00 1.775680661863585433e-02 1.635871739073608000e-01
3.350914888112100365e-01 1.166002968720754929e+00 -6.410225634453142751e-01 -1.015012416305022924e+00 -8.919442343085162150e-01 -7.989523892923169335e-01 -1.419316192192409953e-01 -3.706757652815835247e-01 -3.446338740114288646e-01 1.625812184552545947e+00
-7.635790661953808511e-01 -3.456498205832975179e-01 1.330463333498806078e+00 -1.551860689516613712e-01 -1.071203543399275315e-01 -8.872517702606540491e-01 -8.853855865681939941e-01 -3.100331345963925345e-01 -1.899937665996807579e-01 -5.954879197361077070e-01
1.081160686383604991e-01 -8.567506787994970674e-01 1.770613852865191851e-01 2.620345024433649583e-01 -6.599680526418701121e-02 6.133883017408007371e-02 8.252078540729719247e-01 -6.635657814716288128e-01 1.491762998972511189e-01 -6.613740391575110289e-01
-1.052572208153596867e+00 -1.073323624327698456e+00 2.372019033443659441e-01 -3.914280107034279754e-01 -6.304199134585206643e-01 -5.686712301759466737e-01 2.207273046691105578e-01 1.975605535493212939e+00 -1.238555669265889003e+00 -5.947637073070007885e-01
7.040057090853271138e-01 1.082228783331497857e+00 -1.111673177870300677e-01 4.195310682251317952e-02 -5.456932070823607983e-01 9.864833336107237116e-01 -1.704622290360549297e-01 3.612282878501940631e-01 2.055579384042912905e-01 -6.080829964938336829e-01
-3.129362821379297888e-01 -4.760079071088854086e-01 -2.095076559993323817e-01 -1.777186768184139676e-01 -1.041070859546339600e+00 -1.904488234275943798e-02 1.039975338747674227e+00 -4.653319749518429194e-01 3.753023372807425262e-01 5.114625542641145772e-01
-5.776747744232627602e-01 -2.549297144602479248e-01 4.652033353704278507e-01 1.739659248642899003e+00 3.021815824166363407e-01 -1.861981650188279103e-01 -2.064856931627625514e-01 -1.737683374969322542e-02 -1.306252834736398416e+00 -5.694537894146521895e-01
3.281381786915987808e-01 1.699116945845254856e-01 -4.202693564170679186e-01 -8.062611765133828046e-01 1.284103899432182061e+00 -1.096438511124699783e-02 1.135705302581980325e+00 2.812797369672994652e-01 -5.824741142050866329e-03 3.351146064694446869e-01
2.231621722874425284e+00 -6.425863156639894935e-01 -9.011169707132450357e-01 -2.580375078218228868e-01 -5.162459297336197128e-01 -5.093755323881890007e-01 -7.942024850358254673e-01 -4.470443948385275368e-01 -8.740274186408694135e-01 -2.886796989970538685e-01
-1.063328761174529458e+00 -1.414574963769998694e+00 -1.359468006244347382e+00 -1.487190835693499746e+00 -1.019230435938465851e+00 -1.254592218351955557e+00 4.444611874691144493e+00 -1.304237846982868376e+00 -2.357414066683504839e+00 -1.462678972073108374e+00
-8.875230934318479870e-01 4.481705084639413528e-01 -5.238323079274970900e-02 -7.585405559209394966e-01 -2.140029191763686556e-01 -1.617928441415720231e-01 -4.896492667756750516e-01 -5.056274627118757525e-01 2.027384710677526680e+00 -1.525335983393863115e+00
2.039016601117397409e-01 -5.224018813742726808e-01 1.769831438916817656e-02 1.455866475403562621e+00 -4.863821045008079880e-01 1.155283599000654499e-01 -1.515871218977207224e-01 -4.202215349443417236e-01 -3.054625769062356833e-01 -2.379460270295708779e-01
-7.117303736119288127e-01 1.183368855888628834e+00 -3.542912502849314693e-01 -1.769176879452873941e-01 5.391772941551772336e-01 -5.347080823888341605e-01 5.436345852493594810e-01 -2.718843669358328441e-01 -4.161900270840950267e-01 -4.059044517945761127e-02
-1.690204283368945237e+00 -1.380907215008696287e+00 -1.053745910667121422e+00 -2.157125943583303229e+00 5.187825805423747383e+00 -9.611134274809072231e-01 -1.429224961135917127e+00 -1.216526350345248808e+00 -3.695526638143378229e+00 -3.411861770263224791e+00
-4.636598577913870201e-01 5.318706680056501934e-01 -4.379414385295574696e-01 1.079707412723456550e-01 5.062672442184711769e-02 2.102244595389397563e+00 5.849040078373050899e-03 -3.508158244059458863e-01 -9.106616266744996802e-01 -9.316222659770316827e-01
-1.072781340395895677e+00 -4.513678745207554827e-02 -5.619234946831619393e-01 -1.801460799388105105e+00 -8.510949662331172005e-01 4.179762831275544599e+00 6.835654809074855065e-02 -1.434538093919987656e+00 -1.389761760244301758e+00 -1.220149848003522441e+00
8.877661837503239006e-01 7.219041940262872492e-01 -4.654070808224015088e-01 -5.601645540044881688e-01 9.795394284389713838e-03 -5.870543493573295857e-01 1.098579393315364028e+00 -5.426229688994379519e-01 -1.236180807639410739e+00 -1.030156484153951890e+00
-5.701337954813066045e-01 -4.779012080548964980e-01 -7.951858608212433177e-01 -3.019270973277807801e+00 -1.457665852352359792e+00 4.555728761608496491e+00 -1.682753600977121122e+00 -6.045249919890047785e-01 -2.103202825670217546e+00 -1.026512655552661357e+00
-1.907829822842635192e-01 1.512463087976052112e+00 2.764905150084822072e-01 -9.828838302507889590e-01 -9.822973654399737020e-01 5.947393779209737552e-01 -6.819696744276129707e-02 -2.038501763591286375e-01 3.253721016515637721e-01 -3.253571344955557554e-01
-7.590660762215882817e-01 -1.084917123505263481e+00 -1.109533064573746008e+00 -4.729545158569368191e-01 -7.053094808528678206e-01 -7.179219514305119620e-01 -3.872839193357251464e-01 4.716204365283699351e-02 -1.934697465114842085e+00 3.929581829068717891e+00
-2.379888803795219943e+00 -1.994208218659775156e+00 -1.538579126326224511e+00 -1.975939571608069434e+00 -4.181924250071033522e-01 -1.592598695263402142e+00 -2.267636137894737836e+00 -2.673947551370715048e-01 -3.707271332774216166e+00 3.749437723211713536e+00
-7.582693636721218877e-02 -6.249159511285934387e-01 6.785594424047677875e-02 -1.088663527530197905e+00 -4.519711213335117495e-01 -7.469160888017892241e-02 1.072937107497371478e-01 3.113211294556044173e+00 -1.028379662594846033e+00 -1.773724490001590048e+00
-1.437058338942050373e+00 2.468518821568197463e+00 -6.727468904189735088e-01 -3.039061508298814829e-01 -2.376126963610741827e-01 -5.467047847550678963e-01 -7.766378610092503632e-01 -4.910837814105213361e-01 -1.489332629582121204e+00 -6.880395412761185492e-01
2.173826660124755228e-01 3.663432412813964478e-01 -9.743344060092198333e-01 1.904287624911375376e+00 -1.726261124812460412e-01 -1.015612199132259752e+00 -1.383124635778265388e+00 9.533742931829347622e-01 -2.056306564629821310e+00 -1.396711384108513698e+00
-3.364572390187470230e+00 -3.135632804170803478e+00 -2.141459436933369709e+00 -2.021087500154076899e+00 -2.677228042337941094e+00 -2.475735911559761693e+00 -2.979721273141581417e+00 -2.573416604842890809e+00 6.073969851899629901e-02 -2.360965647587458083e+00
-9.047563494334777134e-01 3.269755781306842302e-01 -9.246678896214128862e-01 8.233210907092772257e-02 -7.092206213552795235e-01 -5.776996338848215951e-01 -2.596157348925577368e-01 2.357832505515960353e+00 -5.009560249665125781e-02 -5.942496511436533568e-01
-1.056035453618853870e+00 -1.147734556079279988e+00 -1.262990557238006462e+00 -1.061186617325045489e+00 -3.114025356533111633e-01 -9.507881099240937939e-01 -1.411659678891413749e+00 1.093394990209471063e+00 -1.547467295294285172e+00 2.132283425308970859e+00
-2.019325822887313715e-01 -6.717511784473436665e-01 3.171280328456494435e-01 -3.189816652453303369e-01 8.693041843065951735e-02 -3.608141090269553208e-01 -3.022814354774735479e-01 -7.101482159199935529e-01 -1.236922802862270299e+00 1.576330838059853967e+00
2.756488526471609357e-01 -3.329184068235108707e-01 -8.115975251719271810e-01 4.269084128293280100e-01 -6.274764695688416112e-03 8.835650346200618621e-01 1.027892315912926208e-01 -3.472190191303958784e-01 -8.490777387595943582e-01 8.508083511939297239e-01
-2.688357287437609155e+00 -1.435310129101948107e+00 5.252620417520436291e+00 -1.969175932910572913e+00 -2.815339017419314693e+00 -1.664306480463850768e+00 -2.431511060022793380e+00 -2.234737868862474386e+00 -3.878763066938800019e+00 -2.357098922640803007e+00
-2.102163537891272416e+00 -1.587580710649568516e+00 -1.643376277769091010e+00 -1.653179577592448934e+00 -2.392594824718818458e+00 4.089518406718021026e+00 -1.068516821961062124e+00 -1.052904139428129549e+00 -2.308290965374099724e+00 -1.707560398923797962e+00
3.407259289090909249e-01 -2.635898531586081117e-01 -8.321325357437353576e-01 -1.637244098701761963e-01 3.943345316602702155e-01 6.336527963902451877e-01 -3.754474379555557961e-01 1.134030028700871329e+00 -7.960751725190565731e-01 -7.451256128724510486e-01
-6.786283208516649124e-01 -6.742484376278005953e-02 -9.583163244023962246e-01 -1.228974402835833146e+00 -7.945026209556240726e-01 -1.155428826173567680e+00 -7.998802648000753468e-01 2.038425602834620654e-01 -1.497726308899989478e+00 2.729468002567445151e+00
-2.187786592103066474e-01 1.252550979454712943e+00 6.986266670704697201e-01 -6.047293498667463130e-01 -7.955911486391017418e-01 -4.558872942981558873e-01 -3.513433464647327531e-01 -7.889131569102747488e-01 -1.384648573349810841e+00 -3.901005453817540380e-01
-4.080030850788289309e-01 1.458008552063489116e+00 -7.190938469577993208e-01 3.625665708213276495e-01 -5.861055810047280934e-01 2.552456159740805752e-01 -4.410891062742758884e-01 -3.539785652439260688e-01 -1.908599509839503661e-01 2.330402867222711172e-01
-7.871172823239365179e-01 3.420096790434533629e-01 5.865681578160858445e-01 -7.170371299916490360e-01 -3.487926167497869545e-01 2.026203665561175704e+00 -5.972802339368060709e-01 -1.101476680228653526e-01 -1.254278462958620777e+00 -9.499181797050160192e-01
-2.584406755393355848e-01 -3.602406195263911370e-01 -1.024885374360275270e+00 -1.092484706742494094e+00 -6.225260899629753153e-01 -3.978450052483745170e-01 2.565683269270121691e+00 1.412092135407230220e-01 -8.444006746544792108e-01 -5.021514361747287936e-01
-1.200903349626085553e-01 1.278858489739340965e-01 1.260383938591933817e-01 7.657516936110099204e-01 -6.533361458431461433e-01 -6.090205396096731727e-01 1.484116567731691150e-01 2.622115697488712760e-01 -5.668054331776740673e-01 -6.127414968455926481e-01
-2.882905273864407314e-01 -1.959560601008623337e-01 2.344459584123182783e+00 -1.273788542713228500e+00 -1.302059372043786745e+00 7.219827564709603573e-02 -1.853665939265947832e-02 -2.480349758259963455e-01 -1.047042075222203605e+00 -5.259973651781341131e-01
-9.436632343064761674e-02 -8.005375201638266214e-01 3.520604584775853141e+00 -9.887826595730537793e-01 -4.999067704994542560e-01 -8.849448274808551229e-01 -8.609759297660174449e-01 -3.137119843702212973e-01 -1.488519559418212346e+00 -1.147674180904506791e+00
-1.724553657975917531e+00 -1.036851033266876110e+00 -2.144820136878781813e+00 -3.093669040003621529e+00 -1.374296964934651699e+00 5.098026362857438265e+00 -1.176769190986414193e+00 -1.446846783074146270e+00 -3.026146458985855769e+00 -2.180300938707832703e+00
9.146723507946724618e-02 -5.943399446878953052e-01 4.182131629603542122e-01 5.520021320480892474e-02 1.237290005187404507e+00 -6.409708040015902331e-01 -3.490228709250319250e-01 -8.912601082910576178e-02 -2.284297857884524663e-01 -3.507242252593179566e-01
-8.547007644824472505e-01 -1.175486120229451092e+00 -5.395910175394164066e-01 -1.160890321073765552e+00 -2.595686267667447478e-01 2.446061629941244764e+00 1.862319576463317417e-01 -3.237361911184731822e-01 -1.164660588896257787e+00 -5.960730308323273219e-01
-7.433019851178277460e-01 -8.519076010541289934e-01 2.534397646128051518e-01 4.560344725566862767e-01 -3.867361709650533608e-01 2.081855141535035258e+00 -3.531747534164628721e-01 -3.363491369684873389e-01 -5.806613431717235763e-01 -3.867083763424105647e-01
-3.901268320764140207e-01 -1.047951908588743208e+00 -5.033914046868592784e-01 -7.802630809113124677e-01 2.500912516311033507e+00 -5.157962863854755886e-01 -9.481741257890696772e-01 -3.911350591599540572e-01 -8.461325671525244951e-01 -1.392149146122480641e+00
-1.346386532638310096e-01 -4.668996571215925373e-01 4.468191638069659577e-01 5.042208671619771154e-01 -7.697829441445127596e-01 4.608559445426897716e-02 1.372841278431544965e-01 -1.092024347844819804e-01 3.842227860399167749e-01 -4.803747804791527187e-01
2.683402052290549400e-01 -5.452496278528075058e-01 2.294196860159855689e+00 -3.839579894074273136e-01 -3.239780171901850414e-01 -2.743947411976589978e-01 -8.943489231196688483e-01 -3.068666574889312715e-01 -1.166646414951867161e+00 -3.835393638264624760e-01
-7.579418271356858083e-01 -5.816083275177401646e-01 -4.453201113136936451e-01 -1.059645427558810749e+00 -1.378782584149201629e+00 3.576990874370647999e-01 -6.867582294081787664e-01 2.671721511371314861e+00 -1.228818211593472487e+00 -9.479150417083341829e-01
5.864614355204873064e+00 -1.420075187857717802e+00 -1.998566724141424000e+00 -2.100690595067967070e+00 -1.808490145592573262e+00 -2.775866302999718371e+00 -2.300606009662703677e+00 -1.113532262067738143e+00 -3.940223537250511221e+00 -2.191296316053865656e+00
-2.946520798331095925e-01 -4.940409183084631395e-01 -9.813777091054345370e-01 1.848593549760005617e-01 -6.430414209658310565e-01 -6.464344950262403966e-01 1.243968322832496254e+00 2.768835661257267322e-01 -1.345622288226809404e+00 -9.955228306675566463e-01
-1.454025254654252031e+00 6.244516810233797788e-01 -1.184545693465244964e+00 -1.874768647738809524e-01 -7.498322304756244172e-01 2.659515962609064310e+00 -3.508761540549539815e-01 5.687607878681185530e-02 -1.334399863402963238e+00 -7.616599291348707945e-01
3.107458913092722708e-01 -1.041574588967210807e-01 4.330673745453503948e-02 -5.360020782064005562e-01 -9.737118662653894141e-01 5.828525915767258231e-02 -2.821946239498923092e-01 -6.627922123987191050e-01 1.669859550393285597e+00 -3.509198240742175123e-01
-5.391082192903466908e-01 5.897036135421236391e-01 1.404537257503983838e+00 -2.309180153670434277e-01 9.779474718397892508e-01 -2.038189902787477525e-01 2.384069322199854346e-01 2.997128745283144102e-01 1.945497447304122551e-01 2.949108332797417686e-01
-4.406001940893337632e-01 4.464466310648101954e-01 -9.829774268612263555e-01 -1.372715515226963667e+00 2.382661023010861800e+00 -2.496882775213632999e-01 -2.686074204316523106e-01 -5.589500508445630622e-01 -2.827203305412298029e-01 -6.973814856744757762e-01
-9.146051626410087732e-01 1.415057918862381858e-01 -1.030832928879205967e+00 -7.328498496111442995e-01 -3.209689975537750040e-01 -7.976489892695726169e-01 -8.474709549974609457e-01 -7.284820047719094971e-01 2.608389882177728047e+00 -6.979976045393826434e-01
