-1.359044779699606353e+00 -3.600296759466372620e-01 -1.186633848276755332e+00 -1.195341178810488847e+00 -7.522827878173966587e-01 -9.972597244906125091e-01 5.702645094681924043e-01 -7.424154324693662543e-01 -1.285510903253524129e+00 -8.988274086773786475e-01
5.273335074372149933e-02 3.323771066062840007e-01 -4.037685958018857879e-01 -3.119211890191733172e-01 -1.323031097225769726e-01 -7.615201140835743676e-02 2.210955488040986516e+00 1.762117105509896919e-01 -6.630774979875824204e-01 -1.406189683580159611e-01
-1.659224064219714523e-01 -5.955873490334959719e-01 -1.805762399927040851e-01 4.039867580224291155e-01 7.075808674220136485e-01 1.943721205006932740e-01 -6.190817982119459773e-01 7.912631321526127914e-01 -6.619205138656016896e-01 -4.485930266199374961e-01
-7.999553806386771049e-01 1.304673584097706396e+00 1.522067084620490340e-01 -8.358767880217554680e-01 -3.727416669189800857e-01 -7.969815555241072103e-02 1.158080349665908393e-01 2.352594185400503062e-03 -5.027405869894798762e-01 2.302259966719716888e-01
-1.503652462968987635e-01 -3.317683076257421648e-01 -3.679837363209808032e-01 -7.988751271184438840e-01 -3.727554681119230745e-02 -3.139469816275058944e-01 1.273852404462477050e+00 -2.474001604995404446e-01 -3.183145807301451802e-01 -7.247285344911440497e-01
-1.028490369861603471e+00 -4.446742102959654885e-01 8.384156191508470579e-01 -6.898978980234837799e-01 -3.766494841022615114e-01 -5.141853580232463861e-01 -7.343447307226333431e-02 -2.549035585591893360e-01 -9.069880018125000554e-01 -5.363684613995230999e-01
-1.446098203165494533e-01 1.587937868819005116e+00 -7.048342623216313774e-01 -5.542849215531421292e-01 -2.829413327850768822e-01 -2.403806134929562244e-01 -2.997472181973796501e-01 -2.220929747293332590e-01 -3.077263972287958560e-01 -1.056635668694252683e-01
-4.539720142919390078e-01 -7.928484262151908046e-02 4.968810827063446095e-02 6.565637021961684416e-01 -3.907789083065627556e-01 -5.909584606491906644e-01 -1.357221989022449060e-01 -1.239984386834128705e-01 -4.187698630513507769e-01 -6.273359475872875013e-01
4.762073002774001862e-03 -9.105016502332087258e-01 -7.384780816871384657e-01 -9.201279918840427063e-01 -1.140692636895108913e+00 -1.198109245875540324e-01 -4.981065566055438154e-01 3.795764958160329883e+00 -1.565804991623802600e+00 3.248429047117237789e-01
-1.995452457061619445e-02 6.870945861366574252e-03 -5.319217465271609546e-01 -3.128330769462524530e-01 3.678193468849846881e-01 -3.204522783856187385e-01 -8.454267386922438565e-02 -1.427332100990922337e-01 -2.421295744575860942e-01 1.148086268090082074e+00
3.562791196535455285e-01 7.608269195700989238e-03 5.793141803673377277e-01 -7.932770523872680890e-01 -3.223753371676520985e-01 -2.132420096453147285e-01 -1.557113995916204474e-01 2.065420220783844574e+00 -3.836160054749769288e-01 -2.611585714276197789e-01
1.804359747697197314e-01 5.998475927530940721e-01 -5.764074273696314504e-02 -5.462813604875774720e-01 1.315972839088706658e+00 3.570596735038500391e-01 1.867216427911717880e-01 1.270569129975540612e-01 -2.246742402507273806e-01 -7.819675886270206489e-01
-2.735178987452050459e-01 -7.521428134554699607e-01 -8.301336980741876870e-01 -1.316032621539478420e+00 -6.156338343966274648e-03 3.491809236235899672e+00 -1.428853305384655714e+00 1.511253946102028289e-01 -1.990204828980749241e+00 -9.629271733787474474e-01
-3.602232816977218310e-01 -1.056275395977918752e+00 -1.436421165749455664e+00 -1.423272708144261545e+00 -6.044597380977362322e-01 -9.110073223045549451e-01 4.244408514944430166e+00 -5.757988213364978458e-01 -1.411119644155532482e+00 -1.330923016477233878e+00
-5.818232060537114475e-02 -2.178355541096142073e-02 -1.086917203696847745e+00 -6.138077991065344907e-01 -1.214918433837713918e+00 -6.222006676608515807e-02 8.758410971757315533e-01 1.330942824597319829e+00 -5.191455940240743416e-01 -4.548868072162839393e-01
4.493465682661644811e-01 1.815303267831216649e+00 -1.390071859341231175e-01 -5.294195431159753884e-02 -1.072634505108195135e+00 -8.079029482943729246e-01 6.834810268120455889e-01 -8.330364558655994900e-01 -2.100502705944281845e-01 -3.380030022785071031e-01
-2.206791646200500612e+00 -6.461741742588025250e-01 -7.085667066211975840e-01 -1.223823172819999527e+00 -1.526891446381060558e+00 4.684655303348755240e+00 -7.445909629905846927e-01 -7.903889258332194023e-01 -2.236491361088312146e+00 -1.844738866056763182e+00
-3.904037295956382381e-01 1.614940049278610568e+00 -1.276729352861278866e-01 -2.160827666360736199e-01 -2.946186390293252799e-01 -7.478854188194682395e-01 2.067251518615342148e-02 -5.907486802357392319e-01 -6.961616779253561038e-01 -4.617676746355532380e-01
-9.114363017757068711e-03 1.537630992631759952e-01 -7.861671067210020958e-01 2.746019187335876577e+00 -5.618712613880051387e-01 -8.694585297572767768e-01 -9.339682568676767049e-01 -9.263606677148479296e-01 -1.283134734028996693e+00 -4.015669222921941506e-01
6.839006236991467258e-01 7.338797599547260964e-01 1.668928361200710253e-01 -5.785349366140695171e-01 9.006599208668929213e-02 3.452717618087796092e-01 2.180058582858078742e-01 3.809994704544803490e-01 2.796306554968731595e-01 3.173276559738431590e-01
-1.354413613746188627e+00 -7.906648308278876325e-01 -9.454373865966800294e-02 -1.550392930781165912e+00 5.526056056478455325e+00 -5.050114822803626335e-01 -8.562299325370265057e-01 -1.029858138079802421e+00 -2.426692234854633146e+00 -5.202846462148356999e+00
-8.563928232356997627e-01 -2.969166724430873372e-01 6.384886250698471044e-02 2.184868751167257983e+00 -5.851020279340970465e-01 6.294214734527530108e-01 -4.851726504228887071e-01 -4.114301646599501927e-01 -1.187500053279189283e+00 1.472537600094544485e-01
8.751041414944484842e-01 -1.787901897817989194e-01 -1.174490744925870356e+00 2.424093629627437421e-02 -4.040722094127561781e-01 -1.002655810489849530e+00 -1.004372701052896666e+00 -1.306716681224480148e-01 -1.978240444985066571e-01 -7.272218420793048754e-02
3.410067728138919674e-01 -3.816827078408965152e-02 2.069108424379335898e-01 -8.184653445059771049e-02 -4.193252322442345692e-01 -6.939628280200174082e-01 -1.709263402762635220e-01 4.714624631250576015e-02 -4.096671043067369733e-01 6.204624430607790231e-01
-6.136405344415770680e-01 -1.090832342240736219e+00 -2.113372273312281724e+00 -4.089867795255734073e+00 -1.891926521507999892e+00 5.760829631783097149e+00 -2.131152666359497960e+00 -1.245122748394474455e+00 -3.686772680265374191e+00 -2.285328811666998750e+00
-8.917673172626029710e-02 -3.638718020364495320e-01 1.269557424649283117e+00 4.068323825630367624e-02 1.121478869764396119e-01 6.917302095009436602e-02 -6.622595860595503758e-01 5.295075409189319016e-02 -5.157032501819621695e-01 7.734958302682513054e-01
-2.202793568090635756e-01 7.337819260199077709e-01 -1.836802539171241699e+00 -9.971432706928373690e-02 -2.014296910438101718e-01 -6.704823321080475296e-01 2.440468837640107136e+00 4.485565357739466630e-01 -1.230107645649220593e+00 -3.445390328782098610e-01
5.676105993448489206e-01 -9.944208987251407228e-02 -1.250997875494137268e-01 8.458149395026778317e-01 -6.101913627696259335e-01 -4.606735711170238390e-01 1.290509992589624066e-01 4.192893909887160375e-01 -1.013969128301531519e+00 -9.645241563172231025e-01
-5.487799105063706495e-01 -5.632802569739939758e-01 -2.861465822919031510e-01 -3.072739036225978215e-01 4.902075859574180350e-01 7.964678490903052133e-01 -4.028767391735024184e-01 1.038500635891200785e+00 -1.109894173860608291e+00 -6.170118853124381131e-01
4.606143943702982191e-01 9.836500962536587345e-02 -1.327971855937517986e+00 6.131590790290870618e-01 7.923037900412247536e-01 -6.520180439199993461e-02 8.839406424496768500e-01 -4.592121303000982757e-01 4.738521536453809690e-01 1.367542487564360476e-01
-7.322739087136931335e-01 1.888291452978354407e-02 -2.539415322880868575e-01 -4.867300766707640530e-02 -1.413578999735790875e-01 -7.048827710238980693e-01 -2.316126072368384081e-01 9.536435250360806304e-01 -1.225950380408734386e+00 -1.520805664587497885e-01
-4.155959085251976770e-01 -8.288326340329168485e-01 -2.485449292785166520e-01 -5.242688849298143654e-03 6.047603658590763320e-01 -1.050509284793914727e-01 -6.374102772407740369e-01 7.278338189780397816e-01 -2.374801890974403418e-01 -7.723429461366925208e-01
3.781720787903340431e-01 2.578033581474095559e+00 -5.216508891922441160e-01 -4.362557659732704263e-01 -5.585010391299675137e-01 -9.083915785755739547e-01 -5.565733471759656270e-01 -6.221783989212569255e-01 -1.183424391464637404e+00 -2.713053089605659829e-01
-1.708382076139750017e-01 1.159043225449606584e+00 -1.925864905911347513e-01 -7.893102336551807152e-01 1.860918578276537227e-01 -2.251948199220605434e-02 3.615639605611891683e-01 -7.856634797520282154e-01 1.578479816990459306e-01 -4.228740316853142889e-01
-3.028398258937950338e+00 -1.683898332794780961e+00 5.318759827870658263e+00 -3.692822378624613933e+00 -2.410370437117283604e+00 -1.155681764986016935e+00 -3.319627574438690498e+00 -2.702439968280910598e+00 -4.268543822594456749e+00 -3.111541422310881266e+00
-5.306872560117252835e-01 1.794753512437731457e-01 -6.931336614657389317e-02 1.858110204033523172e-01 -3.082469429703867947e-01 5.857951779693185146e-02 -3.481468773811169370e-02 -2.941976662103896745e-01 3.494564110650840161e-01 -1.337954400145997813e-01
-1.533632993842392878e-01 -5.428430155258517908e-01 -7.337319771187074124e-01 -9.075762167889910303e-01 -5.275994051402644880e-01 -4.345592573767725342e-01 2.615085550417778126e+00 -6.110932427327126631e-02 -9.795727501915606483e-01 -1.145229970274803444e+00
-2.086542146937090947e-01 -2.684154650519182672e-01 -5.148154873176787882e-01 -1.208287415844951918e-01 1.730525968460553399e+00 1.054298438426667928e-01 -6.908306226634423064e-01 -9.175531512482242302e-01 -1.437226301268603249e-02 -4.956374098066160805e-01
-2.929897057841971963e-01 2.044204038750095653e-02 -6.382163056916284605e-01 -2.039658599933820426e-01 -1.820563792048457974e-01 3.166014470434357075e-02 -3.993259834735239378e-01 9.805992624353319087e-01 -5.593795945418065241e-01 1.127245214170289112e+00
2.067742379440457301e-01 1.701272665158151121e-01 -1.141794899096771676e+00 -1.058760114941822011e-01 -6.972553733071784610e-01 1.207326818611446778e-01 -5.706118801207512581e-01 7.701961085989990075e-01 -1.183053005387135093e+00 1.047046547461436772e+00
-4.299020421034467354e-01 -2.431193391184149621e-01 -7.216126961049705857e-01 1.342476613307191369e-01 4.204356298397024516e-01 -7.254104932692165830e-01 1.125223955732020054e+00 -5.689943485733777173e-01 5.068735170272905544e-01 6.823615975257076027e-02
-6.378159753235216334e-01 -9.376969708637158396e-01 -6.537328632798716788e-01 5.374842331678487684e-01 1.130709203695974829e-01 -1.414757176085535528e+00 1.044551801559822773e-01 -7.558762171851679534e-01 -1.243122190339289279e+00 -5.584343974966299307e-01
-1.574029763054572095e+00 3.789793476833131169e+00 -5.570988455291937536e-01 -9.569078121157326144e-01 -1.039500708971902609e+00 -1.200457444339035007e+00 -1.156482775854964729e+00 -8.101616568289348175e-01 -1.749870011819325555e+00 -1.092147817286025724e+00
5.241121866686105912e-01 2.597616598409434596e-01 7.577662295143702820e-02 4.255556564726989954e-01 -3.806914008326673371e-01 -5.158326776949443415e-01 5.665196882637919124e-02 -7.195203668929353036e-01 -8.429357633151745022e-01 -7.754060396911249819e-01
-5.678833026742611395e-02 -8.768351988494031690e-02 -5.016751074567818991e-01 -3.592919354398501075e-01 -1.162739218272811792e+00 -3.630122473638016656e-01 -1.421179557293761053e-01 2.709843015074419714e+00 -6.678062541766359717e-01 -8.364950931761794273e-01
7.951996088202273327e-01 -7.211761175574011862e-01 -1.912055903692325143e-01 -8.083482484881531205e-01 -5.384738734888429024e-01 4.996238079600418547e-01 2.575419842218699129e-01 2.958586778417018545e-02 4.057835790716771696e-01 6.748199147595833614e-01
-1.013241286446195377e-01 -5.826213482508821873e-01 -8.665663021470471072e-01 7.631358949336435327e-01 -4.163377887776441577e-01 -2.273454677942657320e-01 -8.346835391148856864e-01 2.558675806291585975e+00 -3.058812174933174255e-01 -1.003576926653483969e+00
-1.181730646572756172e+00 -6.760668868913716212e-01 3.109526099704936278e-02 -5.756736911382889094e-02 -8.825206687307358688e-01 -1.859319156910329562e-01 -8.773062195641984085e-01 2.586266749031223888e+00 -6.159304699647344394e-01 -1.189788119009545397e+00
-4.973510108141853125e-01 -2.474306317569512914e-01 3.230976278687463510e-01 2.377135578602223298e-01 -7.913294500445138269e-01 3.645745590410773285e-01 -4.149700386481574577e-01 -4.762788155727930017e-01 1.364954788404580399e-01 -2.339534032401388575e-01
-1.431669780946023540e-01 1.466591867926083870e+00 5.535094000402471411e-03 -7.772079543780166522e-02 3.803768998712285798e-01 -8.201830215488633558e-01 9.676793672071006824e-01 -3.295825089868469338e-01 -8.363013630495227391e-01 -5.404049565289861246e-01
6.660698573557255031e+00 -1.505784632905153408e+00 -3.086642550651203631e+00 -3.071527215112779263e+00 -1.515959380095631914e+00 -5.654409310296697022e+00 -3.826112659463685173e+00 -1.544662666472247592e+00 -4.539833940886873087e+00 -2.114057983688372389e+00
-8.184825441387459932e-01 -3.494394219720354133e+00 -3.486976616024872744e+00 -3.906306189146955710e+00 -2.419138954428931676e+00 5.228137006336045722e+00 -2.250846289720269677e+00 -1.206378359172176395e+00 -2.802668609337943373e+00 -1.504217117610602061e+00
9.987967893321751667e-02 -1.838586686366540934e-01 -2.672013708375224339e-01 5.567756488197818376e-02 1.040198888881861627e+00 -3.794536697905746547e-01 -4.420140741920007277e-01 -6.634341041748631485e-01 -3.312833606999289748e-01 1.266552342102836293e-01
-9.485194608323807564e-02 -1.425203092300386110e-01 4.435753645375115628e-01 2.267874794150594731e-01 -6.024171175644775778e-01 -5.806101473410106573e-02 4.150170527564854828e-01 -9.023441582794035076e-01 2.622122288432998660e-01 -2.314759512455355217e-01
8.620228564537740779e-01 3.885190203041149481e-01 -2.559043448274463395e-01 1.460891232953047403e-01 2.149181157721850588e-01 -2.282091180062753855e-01 -2.705161984067304126e-01 2.335275821480609915e-01 8.798194092351244167e-02 2.054690318506250946e-01
-2.288948240658395861e+00 -2.138948868061910424e+00 -2.281000178293257186e+00 -2.372387984897090352e+00 -2.747489930102541056e+00 -1.083364234680195048e+00 6.563929720408100188e+00 -1.621199930639195541e+00 -4.390363355171844617e+00 -3.431219580482323117e+00
5.096631220191445433e-01 -5.104857295336983070e-01 -2.776519101032282610e-01 -2.312550644055417493e-01 1.056764568427790874e+00 4.265449207416412425e-01 -1.925427340363297934e-01 9.917451994152978734e-02 -3.913643423952971601e-01 1.889383013285159674e-01
-3.455763255482840357e+00 -1.429328479360046478e+00 -2.138661580771445969e+00 -3.215054579789516254e+00 -3.476905708946083529e+00 -2.517787548908869244e+00 -1.804266973503672267e+00 5.996879955048535216e+00 -4.222305896208484732e+00 -3.714509944543332942e+00
-3.698662131930552377e-01 1.178615812559472342e+00 -1.274731307458516205e-01 -2.053544228390827564e-01 -7.932911286484850555e-01 -6.042276266866909440e-01 -3.352930539146727895e-01 -9.161583425101409439e-01 -2.754293627262012212e-01 -2.223335118379804465e-01
4.589124406370626574e-01 6.408818770392475939e-01 -3.943426189786632952e-01 -7.236473351793619724e-01 1.107824624876859072e-02 -8.275854406219999015e-01 2.059580365990337225e-01 -2.971285508885885759e-02 -1.029535584955272087e+00 1.770843880499166412e+00
2.082304846224511674e-01 -8.042452637444863495e-01 8.574983863380557236e-02 5.062896629515658553e-01 -2.942485204378605390e-01 -3.894241408292581919e-01 -2.944135457075556725e-02 -4.842549844049525709e-01 -3.934605028797344417e-01 1.613085915559793193e-01
7.138207822382203194e-01 -2.856435720340743112e-01 -4.951593370786032122e-01 -1.287744557675925550e-01 3.026507082080906116e-02 2.934442821193361528e-01 7.831527105253827115e-02 1.171800244770664801e+00 -1.250544204829567629e+00 4.934396279080341396e-02
3.426889141186753585e-02 -1.128150423976424843e+00 -2.164578407095432977e-01 -8.183759828328517338e-01 -1.146197015083303627e+00 2.091194551313475980e+00 -1.705894363098075628e+00 5.757922628710560042e-01 -8.124460226303915622e-01 -3.949632714114069132e-01
1.224091412811364687e+00 -4.673206882135030882e-01 -5.454409705960170385e-01 -9.770381786436540539e-01 -3.491021200769762745e-01 -7.705767433498814656e-01 -9.066729243167593877e-01 3.417318895019984260e-02 1.399303332183645110e-01 1.781960467638388224e-01
-2.081753977709924097e+00 -1.842168868098106316e+00 -1.641689896757789757e+00 4.612507384877662986e+00 -1.142626162818429103e+00 -4.298382681259337867e-01 -2.730139691486521691e+00 -1.465302913808852692e+00 -4.166841451877015601e+00 -2.591904199684723409e+00
-3.916494639808720257e-01 1.005796377888423354e+00 5.921074528023048678e-02 -2.254881391806845825e-01 8.692201231072470557e-01 -1.119007233336234003e-01 1.456682030397162542e-01 9.567416917247927033e-02 1.066289650685029899e+00 -3.650655292646722838e-01
-9.613001613111605836e-01 -1.639561524152006955e+00 -7.120553652750758467e-01 -1.510225395996911191e+00 -5.436119271173871503e-01 -8.688758094321302750e-01 -6.247753296026443692e-01 5.158806041120060470e+00 -2.912312312829426819e+00 -1.884925101891749444e+00
3.260879815339409182e-01 -3.719717819499222533e-01 -1.115201869785842126e+00 1.381480753258823857e-01 1.019034428276681670e+00 9.027094111567295354e-01 -4.112715882175856374e-01 -4.893291244059501666e-01 -7.980906632976446646e-01 -2.787412151467196786e-01
-2.626754863138684448e-01 -3.552712148375342660e-01 -5.035549259628319119e-01 -4.325700118072336453e-01 -5.809322735605948473e-01 -8.960566815733517210e-01 2.852886863066049217e-01 1.536629470671282971e-01 -1.202500279141389461e+00 2.608458115578173864e+00
7.914548512423976723e-01 -1.131561624261416404e-01 1.210262375406572083e-01 4.720273754255263632e-01 7.430378600051942839e-02 -9.731414148799052977e-02 9.200208363558126656e-01 -6.347277998703602098e-01 2.928979413562328715e-01 -5.320246524153214862e-01
-2.966672316268227916e-01 9.575796929193219897e-02 4.597522671100235381e-01 -2.228957345812147273e-01 -1.681041024827847064e-01 2.043122440598245937e-01 -4.898685390169040255e-01 1.487788478704970552e-01 -4.671958475821177403e-01 1.112704155736049111e-01
-2.980746788708334094e+00 -3.007574258442234250e+00 -2.478919332946676768e+00 -2.551557273888923838e+00 -4.297169848722905527e+00 -2.423362697148405243e+00 -2.767070805560399194e+00 -2.582971719306969671e+00 -1.513416782724694987e-01 -2.377311531091375940e+00
-8.286800485218908108e-01 -7.603473147107728813e-01 -1.160251317626391776e+00 -9.945276009472169276e-01 -2.166910048531339728e-01 -7.556912428736782816e-01 3.497322927161965467e+00 -8.387629945866741377e-01 -1.323759852769828882e+00 -1.007872239804722847e+00
-6.001205125842383747e-01 -8.209612444923555241e-01 4.736390424518177156e+00 -2.186505443676329818e+00 9.821298428141339229e-03 -1.474371109157940785e+00 -1.277113128722035640e+00 -1.063569058412647594e+00 -2.772392839916085094e+00 -1.139407834331648939e+00
5.124581566852539627e-01 1.517325671302549139e+00 5.354118878013620630e-01 -4.939214910055475527e-02 2.036640242642760779e+00 -5.225263527083107845e-02 -4.986180439387333241e-01 1.026895334910418595e-01 -9.225043382187744223e-01 -1.238984781350561448e+00
-3.130358479507195923e-01 -3.396100233029293314e-01 -6.515765930446400234e-02 -6.306804395859886281e-01 -2.785966555157262659e-01 7.376541898889386051e-01 -8.855482693242077152e-01 -1.748711354598686540e-01 1.025454147005680605e+00 9.866850776634577755e-03
4.602613803246809882e-02 -4.258593229032145988e-01 1.820739013613241197e-01 -4.460298969207754927e-01 1.992601310920584456e+00 7.983584436283315544e-02 -6.026846101234849540e-01 -2.956568344129497095e-01 1.444360844348044522e-02 -1.569505485704655312e+00
-6.034649463534770275e-01 -2.916560968394905085e-01 -4.832732235422306788e-01 -3.641544056761691350e-01 -7.744024696501711214e-01 7.146667800608395016e-01 -1.695843617272754233e-01 1.496916101421629008e+00 -3.468898998473796680e-01 -7.474761090355179771e-01
4.547568254214940375e-01 -1.096749492538573595e-01 -6.990947849518454049e-01 -9.251040819752456290e-01 -1.913162286073594454e-01 -6.686489471843725108e-01 1.150458731411798663e+00 7.847294893560152751e-01 -1.207302704243925939e+00 -4.324565858008334596e-01
-9.654120013793726640e-01 -8.508498777233460819e-01 3.674514547024965161e-01 -4.940641264058936444e-01 -4.290571957738958386e-01 2.313203616885036507e+00 -7.428329808234288567e-01 -1.861934257892933486e-01 9.759781353922332425e-02 -6.449723126624090641e-01
-8.993920312294898523e-01 -2.177318492351996287e-02 -7.009885782024615208e-01 -5.565333951082914732e-01 -1.130942003298242904e+00 2.809953641883151665e+00 -5.575338460415023567e-01 -2.786971878545416170e-01 -9.950296662624521504e-01 -9.180026775840415265e-01
-9.022487630854588714e-01 6.372955577121292237e+00 -1.529143098361684050e+00 -2.535639834932263970e+00 -4.205371013561866600e-01 -1.708255573461055166e+00 -2.378305483822900968e+00 -1.182493938792760657e+00 -3.450588856921843472e+00 -1.717027499550887182e+00
5.464880951557353761e-01 -4.401900263072336950e-01 -7.004980093867702040e-01 1.672121061859603020e-01 2.506609187745605372e+00 -5.071096157490326828e-01 -1.598382298538671531e+00 -3.741127519627252540e-01 -9.999583484006207001e-01 -9.237581074252166902e-01
-1.223039707895411832e+00 -9.620067023758831493e-01 -6.155626706585649588e-01 2.147094853373527346e-01 1.279239873550010120e+00 -5.441310534339913879e-02 -3.391645255843966922e-01 -2.876211626464961757e-01 -1.482662634773496968e-01 7.420333235046207010e-01
-4.106447259147653739e+00 -3.743103333231363461e+00 -1.728852413993245074e+00 -2.017805132550105629e+00 2.162640977527922725e+00 -2.021446316032919910e+00 -3.349474092194634434e+00 -5.198437960868798058e-01 -4.289464281936782974e+00 3.603364629383940088e+00
-3.328441084495537550e-01 -7.641971008717054481e-01 -6.247149859137867134e-01 3.999958842479865995e-01 -4.954450417443716503e-01 6.386165077627794506e-01 -9.357752949980475965e-02 9.970801482916994418e-01 -1.119869276813993259e-01 -3.574905444611728988e-01
5.678629993047198399e-01 3.815743121598166865e-01 -8.680102938953785374e-01 -4.056496580172331834e-01 -9.291412878722011826e-01 -5.839988194611935857e-01 -6.266735456301155693e-01 -3.223277836213306879e-01 4.336375005706619157e-01 9.287821098479591697e-01
8.496680679226661370e-01 2.668918809305211859e-01 -4.755511639033975779e-01 6.903753560574776849e-01 -6.191220405294676210e-01 -1.002835587246957566e-01 5.603143293062282648e-01 7.980953236260023287e-01 -5.652435167445213349e-01 3.468173189732765005e-01
-8.865769349162989921e-02 -6.953838702448451592e-01 -8.100418169610548169e-01 -2.586960876113160723e-01 -7.066074172691272359e-01 2.316969959194103090e+00 -5.697599088563685132e-01 -4.586379714654533202e-01 -1.213018546059206448e+00 -6.281756272369075633e-01
-1.160979329912007613e-01 -4.215740048366058979e-01 -6.306820502583779797e-01 1.002724216306363880e+00 -2.602687831907271598e-01 -1.773010867696119541e-01 -2.249333031860062393e-01 1.072386660874147690e+00 -7.115261177177892860e-01 -1.076978585468841010e-01
-1.498812416054620789e+00 5.765627856047065514e+00 -3.532875047152068237e+00 -3.328031858687191757e+00 8.921081078981816723e-03 -1.501891899169108813e+00 -2.719599506811674061e+00 -1.366393351313632598e+00 -4.014810597228376743e+00 -2.308549863813842862e+00
-5.903343051128128183e-01 1.742558215597854954e+00 -5.279367190732987547e-01 1.555040539588798676e-01 -7.071899970902200128e-01 -1.266526347785065898e+00 -4.290394084516445106e-01 -6.030896232096207843e-01 -2.326623783975108606e-01 -8.063661584831530726e-01
-9.086570586081489376e-01 -1.212898341376568823e+00 -4.604035449194951446e-01 1.828009633184422278e-01 -1.471421725946791437e+00 -8.947250046321129080e-01 -4.015668525706153069e-01 3.278541891780915929e+00 -1.065517108362550758e+00 -1.461382488652100076e+00
-4.883313869020438069e-01 1.377171442762904485e-01 -5.255899538341998051e-02 -1.293865386858374100e-02 -5.573466596314456956e-01 6.219605812624102725e-01 3.127178417618858841e-02 -2.395404822206928519e-01 7.968263486692981346e-01 -4.731750421887197522e-01
-5.204639289149999293e-01 -3.488832635278026756e-02 -2.120715280583524154e-01 -2.209614561720455450e-01 -3.955908136243382889e-01 -5.541643367128932240e-01 -1.170591571537278330e+00 1.688123779131479596e+00 -1.930872430271764195e-01 -4.671004700673600518e-01
4.353555008351152056e-01 7.283493534347994236e-02 -3.827361566429901552e-01 -5.974647672511568253e-01 -1.212585902645616276e+00 2.315345269728649402e+00 -7.260191486854736809e-01 -3.255417730827405154e-01 -8.239998932269829712e-01 -5.628978209505655084e-01
1.735862095193954624e-01 -2.062961826712714219e-01 4.988366367655768796e-01 5.150058488953542790e-01 5.800255376740198060e-02 -1.882521335607814303e-02 2.205307718380711546e-01 -7.226839381078689617e-02 3.780045980524058824e-01 -3.530649294059508558e-01
-1.462932998511548392e-02 -8.690520380133038847e-01 -1.387733879954741179e+00 -3.536476939968938304e-01 -9.380668371405557204e-01 3.535647386340095566e-01 -7.708156754354820173e-01 -4.998600035944395503e-01 2.622214716202791340e+00 -9.572950996880738028e-01
1.330272071498219411e-01 -5.555719940412733315e-01 4.101128768253122225e-01 7.074346611976853327e-02 -9.539690064584982476e-01 1.966184151298359550e+00 -1.222549378681319493e-01 -1.980180283212053804e-01 -3.433553703652861833e-01 -3.612473499858562254e-03
5.550515696680852207e-01 -3.191832082253877600e-01 -7.105010975857358746e-01 7.303519309039395446e-02 -3.464095954518433551e-01 -4.293162141411202559e-01 -2.235405868505762617e-01 -1.134115148383453703e-01 2.485499175890906465e-01 -9.044644224893483297e-02
