4.375313127195976093e-01 -4.858869459421494980e-02 2.521534874737943466e-01 -6.452091082766682195e-01 -2.131414778674135257e-01 -6.736239304997582167e-01 -3.154062938823910534e-01 -5.346074142335001111e-01 -2.188381725365820818e-01 3.128493274247901024e-01
-1.405944789329195421e+00 -9.736456148612946393e-01 -1.186355894670070299e+00 -1.163768561573700344e+00 -1.295187943655736307e+00 -1.079454381360651360e-01 -6.172912027609607222e-01 -1.284170387710281469e+00 3.659479027648310234e-01 -1.604643684383983082e+00
-9.367797902347988481e-01 4.652400911659553273e-01 2.571436560444805286e-01 -2.475368382002894052e-01 6.133710644644868593e-02 3.593690246512157294e-01 -6.575505439242156358e-01 2.674045887288081791e-01 -2.942161360494052746e-01 3.244306529001836914e-01
2.675450398743339231e-01 1.392882692629739683e-01 -5.293817448497262212e-01 2.633063832884959821e-01 1.196174384692492570e-01 -4.814800276206904761e-01 4.261125800407495334e-01 -1.703304873915225670e-01 5.456475793809371228e-02 -1.890948460562386080e-01
-9.693852956320718750e-01 -1.254271583120943445e+00 3.272559776988303581e-01 -9.907366117421316787e-01 8.136970857928640388e-01 1.598768723071671838e-01 -3.550717860805399084e-01 -7.499228120431454814e-01 -4.157799072052063005e-01 -3.170870422997744131e-01
1.102853812685594126e-01 -7.819173105240551092e-01 2.603145382515708595e-01 -9.731339906013646360e-03 -5.246268627130742379e-01 4.049326828404796186e-01 -8.183571763417063494e-02 6.210486660900841338e-01 -8.540998759532604512e-02 8.278065303271442410e-01
-5.728411656219517534e-01 -2.263019819856211257e-01 1.607713988917938985e-01 -3.039245834970258908e-01 1.117982523142116852e-01 -5.855655666701259365e-01 6.740977329731929757e-01 7.736607526488411546e-01 -1.436297677561488295e-01 -1.200361217318786311e+00
-2.872060978880736949e-03 -6.332745079419427325e-01 -5.487807420353673082e-01 -6.564048167399567646e-01 7.121772172733423223e-02 -1.665023443519135782e-01 -8.056768235676498024e-02 6.144338271553616559e-01 3.657427953189035241e-01 2.137808741916178423e-01
-6.914582477953813699e-02 -1.636186125358932153e-01 -3.904615639102100300e-01 2.013233727732597345e-01 -4.710980448266082199e-01 2.941188062105465351e-01 -1.302546770479103555e-01 -8.036923114426997028e-01 2.205631930658216999e-01 8.768054176275665856e-01
-1.348442206721494507e+00 -1.383317664613905151e+00 -1.485637637571609604e+00 -2.065555223260326922e+00 -2.572724548707833403e+00 4.638604020473321654e+00 -9.952697161082234567e-01 -6.440751057375690980e-01 -2.764051508397179280e+00 -7.108999138553518948e-01
7.935567046450051620e-01 2.015596344167715215e-01 -8.371697308191290432e-01 7.718664535516508995e-02 -1.292019319481013007e+00 7.335369349585142695e-02 2.919973248174509428e-01 -4.345949735108717293e-01 1.534290704514776615e-01 -3.085457442154098881e-02
-3.091584218705756282e-01 -1.033934060482759459e-01 -3.101615810623306047e-01 -2.078100530828755899e-01 -2.850168745497991263e-01 -1.179009939382196781e-01 -2.211808689416245310e-01 1.369733706318025490e+00 -2.371278617191704963e-03 -8.366293815772415376e-01
-2.962379481286965266e-01 -3.947102900930353209e-01 -7.234551623888445526e-01 -4.873789265642031882e-02 2.664803292272452495e+00 -2.938244160001625693e-01 1.940076597057029395e-01 -1.737060256846043316e-01 -7.004195779915705078e-01 -1.506637885957790246e+00
-7.000627802073503547e-01 -5.114478179118993051e-01 -4.746969781578230796e-01 7.689067817151951090e-02 -7.933138574514834174e-01 3.192016843608586063e-01 -7.780492141465515932e-01 2.087460851184666843e+00 -5.125391856134843271e-01 -1.727634488348253061e-01
-2.221480817865584267e+00 -1.968295381195268812e+00 -3.306716358721712545e+00 5.517218343939122249e+00 -9.345092574682556386e-01 -1.477948406665844150e+00 -2.452326082382100036e+00 -1.746906753931188216e+00 -4.021745400601503206e+00 -2.932093875587276077e+00
-4.219518934619908013e-01 -3.257481843523513665e-01 -6.735486050251201506e-01 -4.565802049905879345e-01 -6.370051084065369018e-01 -5.632991865859939828e-01 -7.774129323349132648e-01 1.830134475703636410e+00 -3.776725364719054068e-01 -8.681158635699940396e-01
-2.097353477740391270e-01 2.648756528333923388e+00 -1.243590078324592119e+00 -2.652395157651837310e-01 -4.896651384416554342e-01 -1.583694538193198553e-01 -6.864085302779018294e-01 -7.184639397890290637e-04 -8.408756873054078484e-01 -4.014783855955746938e-01
-9.107838305029281045e-02 2.303096564026546889e-01 -2.581787763107630251e-01 -1.090708532016046364e-03 4.452730822260231869e-01 -1.752585237178330424e-01 -1.808870884327808404e-01 -2.246429883556884943e-01 1.004287445542682011e+00 2.796156638361863012e-01
-3.045314416308834635e-02 4.048624973544507899e-01 -3.659221007699332562e-01 1.894011717357121649e-01 5.316167125696017598e-02 6.957459475464005116e-01 8.980383744754248942e-01 3.790890230675680317e-01 -2.771342867191688430e-01 5.737604202689189359e-01
-4.561862777760419818e-01 -1.188764111346179320e+00 -1.267664947755180460e+00 -1.198950226309469791e+00 7.305544509387713603e-01 3.516926670931392884e+00 -1.408760816059374088e+00 -7.308845924298499330e-01 -1.481464793642404576e+00 -1.053183881124808208e+00
-6.070349399875860086e-02 -2.718594287820855215e-01 1.199238433740678955e+00 -2.417538355402026537e-02 -1.122429979219937840e-01 7.216831040876021675e-01 -4.293206932962488342e-01 -2.962992046033858240e-01 -2.540644250352891431e-01 2.894399192698309253e-01
-5.622884033264596848e-01 6.651804156650127364e-01 -8.347818252021450558e-01 -3.639075222393985398e-01 5.323516953199569635e-01 1.157909257538910636e-01 -3.515390404106757405e-01 -4.074171128911343032e-01 -1.528464095552553026e+00 1.552880449808430541e+00
-6.739198578625043012e-01 -9.584368173508360511e-02 4.564407687708444961e-01 6.275764137842394508e-01 2.825333138345518247e-01 -5.728850851212516915e-01 -8.293346413048689747e-02 7.563989424986143628e-02 3.362413626444837877e-01 2.478798324193208502e-01
-3.785165100036526287e+00 -3.068335602827748421e+00 -2.590872445037852412e+00 -3.153550442832674605e+00 -1.768581905082778238e+00 -2.713617308629578950e+00 -2.058797969013133500e+00 5.587664278533829965e+00 -4.420263162806905122e+00 -9.297958942577443375e-01
-6.072588915927722431e-01 -3.518568358571479843e-02 5.838914644906955109e-01 -8.227828743813213608e-01 3.752752326237293046e-01 7.302453508104035651e-02 -9.989479309815066377e-02 8.216074985988151835e-02 -3.326759217439593797e-01 1.787468414069074141e-01
4.287577429360796277e-02 8.026888270007623838e-01 -3.297745163620119935e-01 -9.767813018521548374e-01 2.817758706096083476e-01 -6.962722888563765977e-01 2.294992225274041994e-02 2.371651001455392718e-02 1.232996305648923450e-02 4.413179978830366057e-01
4.522513271194227302e-01 -8.208337238551069448e-02 -8.947900946759370644e-01 5.130166006200121975e-01 2.478818270953746794e-01 6.508670112420285314e-02 -2.850586944741873574e-01 -8.073318888170151475e-02 -1.996081293352598152e-01 -2.064916022901288339e-01
-5.720459643482466751e-03 -4.628706761868692926e-02 2.191784931156486760e+00 -2.052812548932340664e-01 -1.600668856036871479e-01 -3.189637505468790879e-01 -7.041214205162686923e-01 -1.079571552300643000e-01 -9.103145784469439672e-01 -8.612926622173748825e-01
-7.345834089653479060e-01 -3.625322816328980235e-01 -1.143473320417049299e+00 -9.673157013427363671e-01 -9.440600975065741585e-01 -3.508667085810373010e-01 4.117392912443653685e+00 -8.487627590666901867e-01 -9.772504691759680284e-01 -4.862745795381446801e-01
3.874312591477498818e-02 -9.910360913560731788e-01 5.720260065318709675e-01 -4.177076880530359304e-01 7.608379350990099876e-01 4.696806177669987648e-01 -1.766382645074548730e-01 1.435695479455559642e+00 2.104766576555903435e-01 -5.604528746200615474e-01
6.220802203928975649e-01 -2.556904667697510458e-01 -6.953304472189597574e-01 -3.945358869715197281e-02 5.012739071569319860e-01 1.308074497005063952e+00 -3.299054562506033572e-01 3.429576381633345217e-01 -1.202601899502296345e-01 9.088389043909945661e-03
-1.206646158108971356e+00 -2.729500053326708864e-01 -7.258981345339960978e-01 -7.693254719253256324e-01 -1.072431619115491674e+00 1.879884734878335850e+00 1.910247113617816739e-01 -1.008216498770500985e-01 -2.940889234002032060e-01 -7.275455338233631775e-01
-1.791047273914347093e-01 -3.127847328064172205e-01 -2.169255683694528147e-01 -1.212014723499389879e+00 -4.287860354250923045e-01 1.801111494613497621e-01 -1.604716880509143573e-01 4.719184739937321016e-02 1.011144246790867673e-01 9.139885091038894016e-01
7.667358691011103566e-01 -4.532713271612673345e-01 3.711561431438087366e-01 2.619748975176610095e-01 -3.168470477911398270e-02 5.800151926512976397e-01 -9.228668858413884013e-02 1.437194693142404889e+00 -7.867458843647185951e-01 -1.080143985595271167e-01
-2.540669845974035113e-01 4.417636959934986285e-01 -2.268217062850969978e-03 -4.509540152144291270e-01 7.315870433059756817e-01 2.448847527197163254e-01 -5.296578924151275070e-01 3.557141491872944372e-01 2.086117473705245140e-01 -2.236936385233667390e-01
-2.095645132562113100e-01 -4.766499196489491497e-01 7.613550828276663962e-01 -6.145710499752863321e-01 -1.036620096603532021e-01 -4.775262851666123853e-01 -3.018323938956864461e-01 -6.242057212069170857e-01 -3.420370355721850109e-01 -3.457949943950371779e-02
-1.293052075331461603e+00 3.507144499675091787e+00 -9.996322903363504819e-01 -8.883252105708008273e-01 -8.784599065313535293e-01 -5.742704906691321609e-01 -3.050280541654827871e-01 -6.940827829810062299e-01 -9.232087637678855208e-01 -5.920320206230187399e-01
1.346316942605467470e-01 3.720224473498757178e-01 -1.839728955392787302e-01 1.239478484543680634e-02 3.440622756952203543e-01 1.211069561284807555e-02 3.096882491940403659e-01 1.830012160330670712e-01 -5.371999642873532821e-01 6.132387372957507354e-01
-1.639859087081300126e-01 -2.394197198958019079e-01 1.877545200473203779e-01 -3.123186549714520588e-01 5.128408802184127868e-01 5.384835937194503153e-01 -4.991038740839515708e-01 -3.057344205343223015e-02 8.016257225508118811e-01 1.007683366420046578e-01
1.780049497099969180e-01 1.117974272730381802e-01 -7.634032841494266253e-02 -3.276306177288581534e-01 1.007882038389252832e+00 -1.912095455914740727e-01 3.497204104627546495e-01 -2.533303391023252749e-01 9.420617421703857408e-01 -6.955257032838917386e-01
-2.531747003318384870e+00 -2.813373190097213872e+00 -2.129623320558622801e+00 -2.117495719519611352e+00 1.477872073810770459e+00 -1.522184197831099706e+00 -2.665148609923021716e+00 -3.468436071454239045e+00 -3.942451733958932003e+00 4.491229340163148898e+00
2.538163559730948621e-03 -1.538578183364414653e-01 1.063408530293399740e-01 -2.596617772714231998e-01 -7.272029543652323014e-01 -9.483691234248371738e-02 -7.680318068455994629e-01 4.071172110837781299e-01 1.455876934479269635e-01 -1.165890736923978765e-01
-1.203106674853207381e-01 8.637667637204724524e-01 6.260129511462030338e-01 -5.127701028726913135e-01 -1.614753863995135319e-01 -7.961671125271083671e-01 -7.260871922927335520e-01 4.816298548544286073e-01 -3.355399755992279909e-01 -6.553566831531532078e-01
9.957188631982570870e-01 8.058617154258339299e-02 9.566879735198569046e-02 -1.835751465008312322e-01 -2.656970574911282079e-01 2.199281819820203265e-01 2.556844759789410060e-01 2.258597752411363457e-01 4.411580141715268355e-02 8.106865512018068820e-01
-2.183251277331324791e-01 2.729755950377427132e-01 -2.952497461121719180e-01 -3.295817789122931774e-01 -9.908670738093534880e-02 7.951538889541338584e-01 -5.091943850501199353e-01 5.433618106275992510e-01 -7.031456841722000251e-01 -2.187711012469561456e-01
-2.371461522045752446e-01 4.594831280519970362e-02 5.167056209018604518e-01 2.946137387440697086e-01 1.238517400758750719e+00 3.484243184788107274e-03 2.972837456757130847e-01 3.182878822079251990e-01 2.118723672159581184e-01 -1.034213983069145609e-01
5.184732478176560244e-01 -4.487531921474469665e-01 4.972977958050697755e-01 -5.376520966019634473e-01 3.610130701726720348e-01 7.382872199874016550e-01 -2.761605565370485182e-01 -2.847577181943294344e-01 8.933285328304515494e-01 4.861368084305551784e-01
5.469496823645445677e-02 2.126376524322591166e+00 -3.276452017366918712e-01 4.324832043593190845e-01 1.307490353427213925e-02 -2.298178865375493096e-01 -7.602277779007748926e-01 -4.560649855028238164e-01 -6.478097172387470293e-01 -5.743388876373511920e-01
-1.299525282340099119e+00 -1.573834342687910892e+00 -1.322026913605242715e+00 -1.678046607748919783e-01 -2.603075394527978315e+00 -1.487250539403488725e+00 -2.566238599616512683e+00 -2.171763321021143334e+00 4.372796370136491362e-01 -6.292939196252722578e-01
-1.680875931549997981e-01 4.859386216453269736e-01 2.047307102993755831e-02 8.162665282581435533e-02 -9.366599727188794633e-01 -7.223134934183104150e-01 4.614251571452052114e-01 2.347165069101275203e-01 4.183915482556538334e-01 1.736235265772760328e-01
4.226912186122236403e-01 9.376210811665707245e-01 -1.384188412046530425e+00 -1.248845360293803358e-01 1.096104901037086993e-01 2.907718589862573477e-01 -5.692260328322231722e-01 2.000092480652049254e-02 -9.951946593572167377e-01 -3.802643056762926022e-01
-6.425318792713670124e-01 -6.102489830718057506e-01 -4.528059181469075156e-01 -3.456085127740008422e-01 7.994047394943557538e-01 -8.446290853837533363e-02 -5.156231069850534254e-01 -5.913515997069891394e-01 6.877470490231135658e-01 1.985691699998449328e-02
-3.195202892349110257e+00 -3.733083055957654661e+00 -2.902925374413915627e+00 -2.435963394029422524e+00 -3.606751400395485252e+00 -2.240164664660016847e+00 -3.081181250329167565e+00 -3.818891620079684746e+00 6.553325038895202459e-01 -2.124361714951138236e+00
3.560049841344621879e-01 1.606560806503201766e+00 -7.651427360377239806e-01 -1.104991971972327375e-01 4.555515922666128481e-01 2.792697525554603821e-01 -6.341443262996128150e-01 4.268326955549610058e-01 -1.051201306162654170e+00 -4.960078810179426034e-02
-4.765658462078344870e-01 -6.582253075412212995e-02 -2.686605633297445839e-01 -5.534871769157728716e-02 9.112947226338355966e-01 1.148619770326367306e-01 2.282896233470460556e-01 6.285658437705801682e-02 4.670784301171821418e-01 -3.839945282246211983e-02
-9.685567136531779697e-01 -9.947544443147461612e-02 -1.579817885669209873e-02 1.883204994987336844e+00 -1.281704426350970677e-02 -3.710846105100228109e-02 -8.659419828410458431e-01 -5.929941471239815742e-01 -6.230460916653405290e-01 1.016515514950721844e-01
-5.888034157678057046e-02 -7.157508777687300316e-01 3.040623557683180600e+00 -7.124672459376940603e-02 -9.425719968125418902e-01 3.366478300304098087e-02 -1.133702419365482328e+00 -3.332839137153583153e-01 -1.648155954427790615e+00 -1.026820895795783617e+00
-1.401664553865073215e-01 -7.936743343028631603e-01 -2.977484289840426346e-01 5.372046301234296717e-01 -1.216059837557507128e+00 -4.752099870778180302e-01 -4.909439008748019417e-01 5.003470674026478937e-01 5.647228111506750331e-02 5.220124879098669846e-02
-8.674031337392980046e-01 -1.929461704038096803e-01 1.840065152354002143e+00 -1.282997855698404244e-01 -3.761895614558680712e-01 -2.960079561579795696e-03 8.549656881928995311e-01 -9.356214583146679753e-02 -4.600039315482202240e-01 3.316815371527941786e-02
-7.179834405613753079e-01 -1.431122603364713142e-01 -7.834600885820249827e-01 -2.671322067003819578e-01 -3.128445743882312668e-01 1.457068672233953199e+00 -5.299462722944939808e-01 -3.514463492007496304e-01 -4.747470089929873294e-01 -4.290320695816816632e-01
5.845471760832221531e-01 1.372356353258090689e-01 1.744918579557181715e-01 -4.681164146156074346e-01 -5.193166595213857262e-01 8.026702487367470829e-01 -3.695541179022137634e-01 4.890965949593014672e-01 -5.101754731973395796e-01 1.411225227463303034e+00
-6.344777793795925991e-01 1.092199198021779893e-01 1.577233519645517834e-01 2.751810858175560703e-01 3.632268727971784128e-01 1.385618769785003923e-01 3.520441517471188941e-01 7.430396579521728606e-01 4.789375228042813681e-01 -4.206603661652347226e-01
-3.177862976200700462e-01 1.966880740824020757e+00 -5.180562968788203770e-01 -3.330126100751978346e-01 -4.337759849063829720e-01 -2.279721176011262340e-01 -2.323833838863821610e-01 -2.621481935439310407e-01 -3.822403163284811556e-01 -6.166064573513686115e-02
-2.873026581516579039e-02 1.873533431868731058e-01 -6.829534886396680660e-02 2.264389674634979810e-01 -3.738131607048031380e-01 -6.395953821444716469e-01 1.212638531268551034e+00 -3.323510248163687175e-02 -1.150655299361302564e-01 -2.692204459668772754e-01
-2.838642999681992296e-01 5.072742087054763482e-01 -5.005760525737911193e-01 -4.398506395346207243e-01 -1.034837050115497536e+00 2.067372329580859258e+00 -6.709620599435109911e-01 -6.947447765955379051e-01 -1.287562267760333334e+00 -4.583669803895232264e-01
-1.041373477234668998e+00 -5.079079709787129859e-01 -6.365987731487811052e-01 -6.198238949956196286e-01 -5.185606814306821244e-01 -9.004275100063735549e-01 -4.785567906450209352e-01 3.137481365577126979e+00 -6.688849497516845544e-01 -2.461554385744915696e-01
-1.773712314936928824e-01 2.828019987879008212e+00 3.189518996279745999e-01 1.748384201937583649e-01 4.666314060516503215e-01 -4.259693206010141675e-01 -2.138978870942057631e-01 -1.722887556455403313e-01 -1.416880441586472195e+00 -2.408537556469196594e-01
1.253091593127945436e-01 1.172256151798971857e-01 6.636604610078012945e-01 2.225285849920053849e+00 -4.337316207685244507e-01 -1.313693105486917645e+00 -6.917789405123215829e-01 5.877875706391202382e-01 -1.221997522009209414e+00 -5.403756684449759762e-01
-3.795733908970171377e-01 3.720192647668179586e-01 -4.521502411968020274e-01 1.661043152287079716e-01 5.094276128299770612e-01 7.431850989130502905e-01 -5.314164937382505061e-01 -1.573885791711224780e-01 -2.420840976744133843e-01 1.504986133031885887e-01
6.056796381320583844e-01 -7.306515005350476544e-02 2.470343445289874540e-01 -5.252194778863772395e-01 -6.454240308807795978e-01 -5.301611075086894997e-01 -2.835598777329313425e-01 -3.299938554290767628e-02 -5.388911305353790704e-01 1.017631427977874412e-02
-1.427151591066732728e+00 -1.102986382346324179e+00 -1.215924664648504461e+00 -2.343714368955108984e+00 5.601447032711914353e+00 -1.766767739827982187e+00 -1.557809442420039270e+00 -1.876037365530759837e+00 -3.403496420329076066e+00 -5.087924370500439331e+00
5.343606951032902064e-01 3.481493396019499920e-01 -1.574632606337446061e-01 -9.133623949717765145e-01 4.326103587238498416e-01 3.096783141503625103e-01 -4.004215637996667021e-01 7.970570168598269944e-01 3.328617165554655782e-02 -4.783738016379936453e-01
-3.825104349045999608e-01 7.320147633344449289e-01 5.182778053916987648e-01 3.761093738121226160e-01 -5.658594444891793529e-01 1.017028509608145281e+00 4.936707505133499096e-01 -6.687787451000323236e-01 2.562420805893231290e-01 -7.976721232214795121e-02
-8.323246528169752079e-01 5.757625493045310794e-01 3.218983729998334820e-01 -8.048543178441819324e-01 -5.674102305287562903e-02 -6.288122204149175498e-02 -1.758120307125463355e-01 -3.923997671135669441e-01 1.479870409441065515e+00 -5.246935677312097868e-01
-1.829624408881042052e-02 -2.210158232479505352e-02 9.869774946823258732e-01 7.609812173668830670e-01 2.062486001575621342e-01 2.910431453224075482e-01 -3.945258743284831282e-01 -3.613861198899728233e-01 -1.441245433198447889e+00 3.594753588152497792e-01
-1.064456919841773458e-01 -5.414380846494029065e-01 4.177620631454874167e-01 1.522528826767210741e-01 -4.070644155785187457e-01 7.589343812868565298e-01 -1.707770902349499964e-01 7.628792454258931377e-01 1.952192629864631934e-01 7.502885957850106979e-02
3.195561347859850188e-02 6.138341738597183905e-01 -1.015325591477851813e-01 -5.655904946375962528e-01 -7.795104399396549644e-01 2.826587968309988153e-01 7.659075769863868954e-01 -5.237108590614625303e-02 2.886418398386673689e-01 2.194544127170711678e-01
-9.203200711049754901e-01 -3.233364338136555660e-01 5.557830222056402425e-01 -3.146524261777920994e-01 6.660430746927595846e-01 -7.057642413798143055e-02 1.926446210366440370e-01 -3.173657606507828133e-01 -4.119000111951496845e-01 3.272031387743115638e-02
-4.020156278811479883e-02 5.267740777893239468e-01 -8.936835557451296985e-01 1.083945818955234786e-01 -3.485831930439285409e-01 -1.536414773207573914e-01 2.420649973568325397e-01 8.100475579995607134e-02 -3.215160472225968014e-01 -9.099227141000353347e-01
3.681116392095253737e-02 4.315845939485238314e-01 6.289886139316036573e-01 -6.663432794092116751e-01 -1.702507534665971545e-01 -7.445305461422224713e-01 -5.075863213920916994e-01 3.281754750736808335e-01 -1.182105154364067046e+00 -1.280107008018571135e-01
-3.561417308658323955e-01 -3.037848586939963513e-01 -3.961588386568846709e-01 -9.326139127889890856e-01 4.774624693435352007e-01 -4.189813810115656789e-01 -3.731601128138462009e-01 4.832879855378720002e-01 -5.169238818115878820e-01 -1.116743089229577546e+00
3.630067853836793645e-01 1.845374841944182887e-01 -1.692317114803549571e-01 4.417935125330019197e-02 3.755219303790841012e-01 5.743094405944096925e-01 -4.574873692620377158e-02 1.031216076964095417e-02 -1.430822122972884303e-01 -2.522701393200428299e-01
5.372910401128926372e-01 3.259543519220356456e-01 1.422862756720474908e-01 -4.610257517649470893e-01 6.730301211600236977e-01 3.556160136896345247e-01 -4.004191806757528282e-01 1.442960647557043896e-01 -6.553563884145054974e-01 1.378560900711257309e-01
-5.745228681708498542e-01 -2.198185251792599271e-01 9.678668483128707867e-02 -1.500213039667583521e-02 -3.026398790286162210e-01 -3.517076645465258000e-01 1.649198083185639208e+00 3.295718941376638011e-01 -5.223009355020853395e-01 -2.359000934327508125e-01
9.951094572667443586e-03 2.719102164964811719e-01 -6.848644395125463857e-01 1.780491814500453907e-01 1.279906167116689808e+00 -6.339090297034106758e-01 -7.131421146872802819e-01 7.909463777782839433e-02 1.183978610179152874e-01 -9.536699155262491345e-01
-4.696762905851877279e-01 1.472287726189422719e+00 -4.593856989127950152e-01 4.168778708957506796e-01 -7.041613497366652208e-01 -7.419907547297420747e-01 -5.848906588497362335e-01 -5.980918113811755088e-01 1.911049763082874053e-01 -1.221665972409815698e-01
-3.911482062449934127e-01 7.158803975123489982e-01 2.149442051313832924e-01 -1.233094455170085313e+00 -8.264361528789355704e-01 1.012737487071294185e+00 -7.365882768835472216e-01 -1.100687798534148554e+00 -8.718767557626326825e-01 -2.397496239050372902e-01
1.677590604769617910e-01 -2.682178545241035716e-01 7.033932421539486057e-01 -5.102273938498836925e-01 2.106250192904911278e-02 7.829959579061464003e-01 2.846203821148674332e-02 5.848121060242240654e-01 1.068796476752771119e+00 -2.109184337676421050e-01
-5.178247514833341780e-01 -7.128612478305275113e-01 -1.003993062948301263e-01 -1.178668159233293489e+00 -8.598989477690386352e-01 6.247072185808267841e-01 -8.776055160148051038e-02 6.874342060919036435e-02 1.668516210496272745e+00 -3.566304985478215839e-01
-1.649216233643588034e-02 -8.849126450798255883e-01 9.368676208263079785e-02 -1.825320092402374639e-01 -6.230256675540606359e-01 1.342640552062079606e-01 -5.021809115424769043e-01 1.241629124806496343e+00 -3.745684211813823938e-01 5.511011976397506285e-01
-4.814201683590120795e-01 1.214623332022154306e-02 -5.210924566305030758e-02 -4.485550118160593902e-01 7.493190777807013925e-01 3.485780704866815460e-01 -1.708241969495931378e-01 -5.523708080764457851e-01 3.145206164561807349e-01 1.105327502595559314e-01
-9.231273023629785746e-01 -3.045251973546915791e-01 3.477091579604547067e-01 -2.729373493838400666e-01 -7.467508379220765269e-01 -1.814672538985128702e-01 6.616338765096893559e-02 8.581822331748282240e-01 -9.948818475461860752e-03 4.912402253240134020e-01
1.036117317422617701e+00 7.150401155992176516e-01 6.483305216812266236e-01 3.734943645538122969e-01 -1.655350186943332436e-03 6.777572489089482566e-02 8.535722072543713845e-02 -8.827250591208363195e-01 6.183038447289931350e-01 -3.218963353551454465e-01
-2.464576734303227212e+00 -3.155735613515125992e-01 -8.154681435897641606e-01 -9.471981580853158222e-01 -2.234957064663558590e+00 -1.281006150411594380e+00 -1.303876545862288960e+00 5.738022713538284414e+00 -2.025134255758276325e+00 -1.975768206325192455e+00
5.789937346632915149e-01 5.937340450845237511e-02 -1.218609518549180690e-02 -7.758563340062958336e-01 -1.466761543145233236e-02 7.275037998866246136e-01 -2.198999598535345268e-01 5.158781196763440047e-01 -8.091947488217511308e-01 -4.059728432525496200e-01
-6.398335305700043607e-01 1.464171350453505216e+00 -6.233722972036287446e-01 -2.529233422724739833e-01 -1.004977087705371808e-01 -4.506899136093634461e-01 1.714114375211313879e-01 4.831126546153286516e-01 -1.193315207874784623e+00 -4.016780364602080544e-01
7.126306331094969804e-03 1.342662721987179231e-01 4.767430243035334497e-02 2.565447547822683472e-01 -3.619693918379923159e-01 6.024711626875129955e-01 -2.197179253443657665e-01 -1.384938452135425491e-01 4.822181993223116359e-01 -4.951893047224225491e-02
1.832581709158944971e-01 -5.526719460437191644e-01 -2.185936998041919654e-01 8.899721918569862833e-01 -3.680809654648068419e-01 1.825027193210183307e-01 -2.279855184029653536e-01 -1.108525728462239762e-01 5.811609680331768051e-03 -3.425067240645497391e-01
1.785129486372350194e-01 -1.245492426263022229e-01 -6.024851752883674250e-01 1.333593382540837036e+00 -3.656705141134165005e-01 -7.651253046344967945e-01 2.647139310983017135e-01 1.997967907009546018e-01 -5.807651427008441170e-01 2.046776749395127215e-01
-3.075622750785564352e-01 -5.100597042761254585e-01 2.382409064048436054e-01 4.474731407845512071e-02 -6.327396931131729074e-01 4.510335307555466411e-01 -1.176493959847329185e+00 2.326545123450226016e-01 -4.360948741674462448e-01 -5.738101483020544707e-02
-8.298581832895908228e-01 -7.733954645331430067e-01 -1.842468165401293323e+00 -3.460603001037310555e+00 -1.379699905079967870e+00 5.297675635826715634e+00 -2.928309718615164314e+00 -4.473475619654639912e-01 -3.453205390201058211e+00 -2.102073515777236334e+00
-4.169518370906573346e-02 -2.424552940696843573e-01 3.937118791387871353e-01 4.286081837501731218e-01 1.021563280580774224e-01 5.931332982710408874e-01 -8.251510993570315700e-01 1.413344176952816833e-01 5.376024635165447263e-01 -4.530361167789080379e-01
3.463083085206778988e-01 3.013061693595462942e-01 2.682063177162151479e+00 -1.196815820364464239e-01 -1.600018513474042336e+00 1.503565476780800436e-01 -2.193587217663252265e+00 -8.792352352490028222e-01 -1.196551738527488196e+00 -8.964180626002066221e-01
3.199320432121827706e-01 3.698590741751764388e-01 5.261803560079764130e-01 -2.325131263310909746e-01 1.005867838719813750e-01 2.042375205713609365e-01 -2.027766201704371829e-01 1.023107207484798664e+00 7.491684070690278752e-01 -1.292383293252819532e-01
1.857732123401213409e-01 -2.391738072692359274e-01 1.664436313940365342e-01 4.406612365922004532e-02 -1.887237685289435141e-01 -7.846731243719655691e-01 6.444224235760732666e-01 3.876799151398939158e-01 6.611553455208374341e-01 -1.003501265784255934e-02
-9.610748610994491736e-01 -1.385934096800754967e-01 -4.860798770539301317e-01 -1.798511269192675788e-01 -2.772638525994604586e-01 -3.426264869439803462e-01 -6.949164945864725329e-01 9.361831981473566211e-01 -7.132481034244582130e-01 -5.343689135210780705e-01
-7.204894036599929219e-01 -5.441795936319125948e-01 -4.498375395580685443e-01 8.785854235880569130e-02 1.222814045895696866e+00 6.470461087874797013e-01 -2.211712642117326377e-01 5.507759973005504905e-01 2.028652242780240034e-01 -7.714528805276613665e-01
2.356218413850645968e-02 -6.899300706778473957e-01 6.269644767474571445e-01 -2.204158322706666340e-01 -9.331865880543341873e-01 2.352276077432276236e-01 -5.006704584432394300e-01 -4.523818470491729471e-01 7.902712794265721596e-01 3.616288520465078121e-02
9.008429621754850125e-02 -1.808284930556471326e-01 5.672422597154288537e-01 -6.110759436014102652e-01 1.891543382242932281e-01 4.481320612130433312e-01 7.038678968960280224e-01 -2.910051973915955825e-01 1.614586445492908195e-01 2.046416419498923722e-01
5.739952799947616729e-02 4.176806190020852516e-01 -5.150360565018300418e-01 -2.411681706147822749e-02 -4.684342689845201746e-01 5.319118857190541227e-01 1.614835158898271505e-01 5.689638495245458172e-01 4.484647668477730886e-01 9.557446109360022424e-02
-1.047352557857479487e-02 -2.448341985033672119e-01 -4.899260274215693212e-01 -8.640861513037746411e-01 5.372523464008212013e-01 2.115512218513287690e-01 4.601977972627536301e-02 2.543875043862849905e-01 8.542432287904166976e-02 8.615132686771021300e-03
-3.524292364426743762e-01 -4.615122204374326187e-01 -1.109583655455533613e+00 1.017629850709232259e-01 -4.229982220877899213e-01 9.526688486570534797e-01 -3.659076637002112165e-01 -4.907902385369481979e-01 -7.187781160068746900e-01 -3.649846130703104929e-01
2.193775499080993785e-01 2.307049457426617045e-01 6.886369165556815997e-01 1.007386882145224316e+00 2.532629035365695919e-02 9.172786352389258324e-01 -4.463385950692804749e-01 3.460749736093772233e-01 3.454713778792218304e-01 -2.523547287761127023e-02
-2.954143127413710879e-01 1.068023777686195608e-01 2.791673296728905754e-02 6.017716434090459449e-02 -2.104781616527554855e-01 -3.064924537509184921e-01 -4.797376627557007889e-01 3.374330950093183401e-01 3.661887753009582247e-01 7.489067680915982572e-02
-3.395883698925107885e-01 4.275571261355570057e-02 6.796040509292432252e-02 3.973133517629574563e-01 -1.194017595654791285e-02 -3.373203276998552047e-01 4.459741840932926471e-01 -3.578280412823283685e-01 3.679270302705958118e-01 -2.493027544119336136e-01
1.450706517567462273e+00 -5.311575314530225800e-01 6.797959401761962672e-01 -4.371208350678892907e-01 5.022081554447493934e-02 -7.058969411190163523e-01 5.074456099215494120e-01 3.660514823185324618e-01 -1.168118097885947893e-01 -8.360643648162273678e-01
-1.675314472208031980e+00 8.134004127635268144e-01 4.813484445469543016e-01 -1.435472645705754502e+00 -2.592143525046584074e+00 -2.714280317093699657e-01 -8.259840137722417319e-01 -8.202499800833105148e-01 -4.274754564467537765e-01 2.290221169039353688e-01
2.324811936625316433e-01 4.391292907114079935e-01 -2.841387919302250376e-02 3.042275589777512779e-01 3.886351556048467937e-01 -7.974260849275944807e-01 6.600936154607885131e-02 -9.058095043144459568e-02 -1.902418381292093064e-01 5.525689745424625793e-02
-1.516301572815550003e+00 -1.142708783059996014e+00 -7.942637419489347872e-01 4.281212308267248190e+00 -3.484295389673857102e-01 -1.426887543035629369e+00 -8.846460784068166383e-01 -2.414760266691905466e-01 -2.375202638887937923e+00 -8.040556589389519226e-01
-7.481090234863602140e-01 -4.224540275532441824e-01 -6.157898437524144120e-01 -1.551204797926407086e-01 -9.762433550671446580e-01 -3.696992176794803298e-01 -1.136048845545211794e+00 -7.439750178006162562e-01 8.286857067116069897e-02 -7.482014988512630804e-01
-1.348274232093426006e-01 -7.554782045414518143e-02 -5.001869617168540616e-01 -8.048358601529554956e-01 -2.417367440106222010e-01 7.154755268322902095e-01 4.762599665699555895e-02 -6.884534162109091637e-01 -3.770457409751333810e-01 -1.968572620517065885e-01
2.636180921222985862e-01 6.310809932375226472e-01 -8.836330211987516448e-01 -5.014128441518255208e-01 -4.579847468214329198e-01 1.173289528731457754e+00 1.226135368761879368e-01 3.103700772680529907e-01 3.622307219013621293e-01 1.227919200451280668e-01
-1.488669385494479469e+00 7.495853175551899561e+00 -3.633581857146831240e+00 -2.558607208962644375e+00 -1.393676341925679019e+00 -1.865102568848155951e+00 -1.559114651097807558e+00 -3.540750881185163568e+00 -3.918437156112388742e+00 -1.641871025228780478e+00
-8.362534800521366496e-02 -4.885244341492045450e-01 4.943089332259857915e-01 9.568419935464102244e-02 2.796650598860674464e+00 -1.559774363545872178e-01 -5.965630162898669653e-01 -1.203829738157740081e+00 -5.669726708992446351e-01 -2.096065675876900958e+00
-1.974245027199341473e+00 -2.554067699951415360e+00 -2.828872627635467651e+00 -1.991561570696434913e+00 -2.763010572281711319e+00 -2.075088031444525694e+00 6.138075929080329729e+00 -2.817347066247983811e+00 -4.419091696660959911e+00 -3.093304330063253449e+00
-2.142523859816738707e-01 1.169100118345279549e-01 -7.582870531281334925e-01 4.365676594198696359e-01 -1.636453201647499189e-01 4.406121545554258501e-01 5.304555396056793715e-01 -8.420423085561487163e-04 9.263055379328717365e-01 -2.415828459353012159e-01
-2.365379799064846189e-01 3.131720751885481990e-02 -8.062870870105646182e-01 -4.395907450794481752e-01 -2.631257614467196748e-01 6.500270123611374684e-01 2.227046558083958794e-01 2.555460585292693501e-02 5.681933475654804555e-01 6.338538951797123566e-01
-5.602205564390310144e-01 -7.117298220210018789e-01 -1.329977646333022900e-01 -4.803888038633645219e-01 5.833535140870920177e-01 9.528655886036617728e-01 -7.567424665880085888e-01 5.496705943710765707e-01 1.610092572542110856e-01 -6.108547347136552563e-01
-4.234482479214839445e-01 -3.795353852077580359e-01 1.404417017672333901e-01 -6.733593584260960663e-01 -5.080767282382797623e-01 -2.034535039778638255e-01 -2.378601387068534079e-01 -2.176286287445927670e-02 -5.975353109574119831e-02 -7.087815461417700247e-01
-3.042517415038016981e+00 -2.740336140792311692e+00 5.367314489123802268e+00 -1.246637262567488413e+00 -1.923271566467484206e+00 -1.820159458229720029e+00 -2.490022363680710171e+00 -2.356299667970829237e+00 -4.214961070313839819e+00 -2.692234370617759609e+00
-1.008229747459799958e-01 2.190267081823220885e-01 -6.969981218946467161e-01 -7.426469427683625169e-01 -2.736071149464835983e-01 2.058066432002904289e+00 -5.506363305275882025e-01 -3.777479485343565591e-01 -1.303934720437773809e+00 -8.165431135785958805e-01
-1.115795716669347737e+00 -1.557354755564851756e-01 9.827337494225950321e-02 -2.932766749353064584e-01 2.690633348643386435e-01 1.237635856890367148e+00 2.060127791724257196e-01 4.187622428889291593e-01 -8.700396313986729080e-01 -4.974464984183125937e-02
1.500129506190364947e-01 8.815327373418996304e-02 -4.185005436791400940e-02 -1.125308039170181962e+00 7.214120964849081441e-02 -1.316698000740763819e+00 -1.141113949622479806e+00 1.825564505507334401e-01 -8.237862110842510827e-03 -1.447369698941464833e+00
6.128028147871103393e+00 -1.716314920754439255e+00 -2.925444383709680185e+00 -3.311315435697995024e+00 -1.629656051515973703e+00 -4.706328525771383831e+00 -3.122205499151573083e+00 -7.715502368464680627e-01 -4.531290941004914252e+00 -2.053077091273220134e+00
3.178504818942931576e-02 -6.682885914992840737e-02 -2.149460443428009571e-01 -7.845161927931453005e-02 -5.254930547651207040e-02 -5.022929717032678099e-01 -6.033064806160173266e-01 1.542135617367273781e+00 -4.698815516126568781e-01 -9.076103796118026867e-01
-3.779718930398588972e-01 -2.743888785282732057e-01 1.131823680705629637e-01 -2.815157337776788005e-01 -9.034392461087822901e-02 1.000719850721362020e-01 -1.284076957765445948e-01 -5.442060098393525225e-01 -2.080230351161274915e-01 -1.269806076453545984e-01
9.071420769679102714e-01 -1.614038948414097119e-01 -2.444729830392088910e-01 3.155185241081405745e-01 1.379587204342459517e-01 -2.833901041301641888e-01 -1.802250189161782035e-01 1.523808652450974188e-01 -3.052653191913145547e-01 -7.634546316845767233e-01
1.110031888497458041e-01 1.307720082854700316e-01 -1.026802073718960928e+00 5.473440535668230300e-01 -1.747919520018916262e-01 4.550686583397730578e-01 -8.414755680244301317e-01 -5.680712990022972475e-01 1.704104452723267826e+00 -4.259807340721349367e-01
5.258947959320025012e-01 -4.972024594167487876e-01 -4.856714010993538888e-02 -4.686160885326470238e-01 -8.684043334426797545e-01 -8.196344956428086581e-01 -7.458101637197646072e-01 1.229418142427500804e+00 6.204817814519186792e-02 -9.482887842610141504e-01
-9.871553277660884140e-02 5.101472231749072384e-01 -4.840020096043464171e-01 5.688019997263911165e-01 2.179506648011018122e-01 6.618143364526056782e-01 2.263279890038874809e-01 9.289949663923295908e-01 -1.482077139455734716e-01 4.594480494285430594e-01
-3.063323092729651198e-01 1.569065936713216758e-01 3.078598156210122783e-01 7.862333565121618628e-01 -2.971893083344769315e-01 -6.825069203335470958e-01 -1.619677102653448719e-01 1.715494360141639474e-01 -2.131267029264099777e-01 3.741778901422220249e-01
3.644114579991173941e-01 -1.260081891085911010e-01 2.001997921635780553e-01 -2.563019957696365259e-01 2.664048069898082294e-01 3.886456695264002836e-01 -2.052827175614025945e-01 -3.737222899721125841e-02 2.104707494777531274e-01 5.761199483747049266e-01
2.121417351639922622e-01 2.111857318725360866e+00 1.199983742914175755e-01 -5.988804164535402874e-01 4.675794553124235087e-01 -2.263361532751234639e-01 -2.902328481746959676e-01 -6.625827808626921778e-01 -8.429240067908334577e-01 -1.213013403939548762e-01
-1.807679376259487825e+00 -1.614390067069389201e-01 -5.882929453458585201e-01 -6.618892463359080103e-02 -1.187502795108038134e+00 3.681519146359522932e+00 8.258292859167877531e-02 -5.539107788056664150e-01 -1.502317172150792191e+00 -7.847667179618237343e-01
1.507096156842997192e-01 -2.102255336614452033e-02 2.305405279838499966e-01 4.803027338162476623e-01 -3.292997608835814688e-02 -5.902264734132300905e-01 -4.861769313689426331e-01 -1.817844579409975403e-01 5.293102693626388078e-01 4.165652128295315171e-01
-4.339631471479442060e-01 3.073863350061202260e-01 5.990447361014701322e-01 -4.432655603742398087e-01 5.363884490769159630e-01 -3.521690142010489716e-02 -4.772575289265673093e-01 5.358117124527451702e-01 -1.523667833941614869e-01 -2.345247360324846375e-01
8.098510160270235014e-02 -1.191144993699274346e-01 -2.111892237566325714e-01 -5.142288089472200063e-01 -4.302457505574130425e-01 1.170852613355830130e+00 4.425481846364220928e-01 5.064718271167988339e-01 -3.461955405641513051e-01 -2.070455991640541837e-01
-2.066272309811307759e-02 1.276720687997453529e-01 4.625929866967424253e-01 -1.670647314226330060e-01 -3.398653460771219881e-01 3.059353343172061535e-01 1.820524805319697903e-01 -1.806911697458371546e-01 6.748329133056418794e-01 2.719343740994780712e-01
-5.786196212737092504e-01 -1.070107638693609392e-01 1.745695624758052122e-02 2.200547772649081579e-01 -1.057188455062544330e-01 -2.680697325131579656e-01 -8.544632652494797975e-01 1.455172517962871392e+00 -2.862400535120389056e-01 -6.763606722392567772e-02
-3.239606004473881695e-01 5.970711885230212124e-01 3.663242911605212870e-01 -3.171207039285605100e-01 3.800546567135782428e-01 1.129777673839620578e+00 -6.661576687274118891e-01 -3.354007084754447310e-01 -5.263335416037167036e-01 -3.940034579867889852e-01
-1.192606867687050265e+00 2.067006798657077926e+00 7.798737438794918486e-02 2.252076777881287795e-01 2.893151637557258016e-01 -7.987023035610555516e-03 7.449874653425476723e-01 -4.168871012071035387e-01 -1.037848880226919901e+00 -7.650973417320618142e-02
-6.530906139787251430e-01 4.041121362963325664e-02 -1.819836173633347653e-01 -4.651722081836646705e-01 -1.138272455514143022e+00 -6.673664534370510326e-01 1.288388659591899466e-01 1.878947090552144650e-01 -2.438702912641118881e-01 8.090536108259208659e-01
1.814534207080871833e-02 -3.131360740328893999e-01 -1.215677754734235894e+00 -4.513134775659221054e-01 4.014615474163981124e-01 3.613129736089858435e-01 3.739997878665515252e-01 -4.280984112468035896e-01 1.053824026424541316e-01 -1.135957177583867411e-01
-1.288766187040645550e-01 5.502219558310968983e-01 -4.336169612373366733e-01 -8.438243902013022879e-01 -3.940501526284881373e-02 -2.871105574617032752e-01 1.087843948841687031e-01 1.938697593769881822e+00 -2.978862427460648998e-01 -2.190114062765216307e-01
-5.473483102452546545e-01 -2.300938437513525558e-01 -9.308389243092148879e-01 1.413003721730554885e+00 1.980691590800668159e-02 -3.006541868619406199e-01 -2.750036829719972320e-01 -2.501222189068300072e-01 -5.474709847810050878e-01 -2.079455334357655227e-01
-3.980801652949111924e-01 2.155679017358551608e-01 -3.609331758371684962e-01 -2.929174639503822619e-01 1.153944796513104887e+00 2.339993860317198665e-02 1.009447378092716840e-01 1.791522608541991080e-01 -3.171274304904895813e-01 -9.075841484699536110e-01
1.422001316521760983e-01 -6.983134085717750406e-01 -6.817967682113675043e-02 -1.658518190215557964e-01 4.533580162821764237e-01 -5.477207545057891647e-01 5.344974472076151617e-01 6.060935889312768499e-01 6.748730530881984491e-01 -2.085125180506155473e-01
-2.437687377330555183e-01 -2.117673057743678644e-01 -4.020379621450666519e-01 -4.760953595980580433e-01 -3.535049570707967104e-01 -2.887675529783035877e-01 1.178078859689990071e-01 1.253110772563432507e+00 -4.151391876192837005e-01 4.678394683336214999e-01
-2.190054935749722043e-01 -2.689725034656484728e-02 5.518284293810151592e-02 -1.034476946403735331e+00 1.048204798751982691e-01 -5.896223521773129583e-01 6.515574805187389629e-01 -2.309875004201602522e-01 -7.484942338492273084e-01 -9.160015918870222373e-01
5.893070609970715301e-01 1.841882833405788789e-01 -1.455543777831163899e-01 4.543177939093678286e-01 4.632338205586652990e-01 -8.923902227943675269e-03 -5.827917230850390151e-01 2.609393452409262126e-01 -1.225573087091532815e-01 6.521842368666718182e-01
-2.892063968321298972e-01 -5.999745374308738111e-01 -6.062218772468181971e-01 -1.250535358181389389e+00 -6.630639180122255283e-01 -3.577901752058234575e-01 -2.928481566163956273e-01 -3.442309406712847353e-01 -5.131926484996229831e-01 -5.249872850360768339e-01
-7.140920678638986718e-01 -1.668894704533118167e+00 -7.081252014060478439e-01 -6.795409042842355252e-01 -1.302211359830323323e+00 4.452634342821315094e+00 -1.330900020550785934e+00 -3.665875628046205703e-01 -1.750515203138600651e+00 -8.783963306206410415e-01
1.739801625420707432e-01 -7.015699627875026101e-01 4.367115274532429314e-01 -6.804770176392492542e-02 -2.436975816229668135e-01 6.296391845183182956e-02 -3.537611337775835030e-01 7.816228919783047013e-02 4.001037683615604745e-01 2.132769112076434437e-01
1.126714767867396327e+00 -3.845420055393386494e-01 -5.835032012219754094e-01 4.989293127698504193e-01 2.423974306679942681e-01 4.685806785971319832e-01 -3.948846493391159340e-01 1.462728521257366243e-01 -5.219728250136744796e-01 -3.003659332453534891e-01
-1.562069004247955695e+00 5.194604283403480238e+00 -1.132757171165505561e+00 -2.712798758808009580e+00 -5.944637781413194544e-01 -2.083498101353026932e+00 -2.330770612849594858e+00 -1.271508600793200827e+00 -3.954823206937893243e+00 -1.837687706163742885e+00
5.013420262905574631e-01 1.748826736768356871e-01 -3.544060168531523169e-01 1.578807167317903826e-01 -6.850862488039325404e-01 8.760114923793509423e-01 7.458098312719652068e-01 2.834983188638256352e-02 2.711935165464685604e-01 -5.526069583001395058e-01
-4.454389080265888090e-01 3.143218100693568884e-01 -1.418308562287760345e-02 4.830979588147740755e-01 -1.477060379866298012e+00 2.785876802288195786e-01 9.522797611354454350e-01 4.329271259185856202e-01 1.293802041814803294e-01 -6.367417853988273091e-01
2.075392905810611102e-03 -1.856878101200574449e-01 9.523483043101460543e-01 1.485664201836324749e-01 -4.026890666164216759e-01 -3.037951212430117232e-01 2.789232759509721604e-01 4.907003738389855152e-01 4.087912043982156463e-01 -7.305712843443793458e-01
2.366718365557785475e+00 -1.016647357460088719e-01 -1.122297825510745639e+00 -9.889221249839379446e-01 -2.335499965750247042e-01 -2.629000556379425535e-01 -8.222381095114837668e-02 -5.380311209110069104e-01 -7.034579914461082106e-01 -3.568437015702279336e-01
-5.222686660113619317e-02 1.336514904543423254e+00 -5.212527102715772687e-01 -9.524990759506752891e-01 7.123747216507780866e-02 -1.007842573674177622e+00 -5.015091966808692125e-02 -2.511198157423123467e-01 -6.088352403401083857e-01 -4.240488604323854882e-01
-8.461308126827137011e-02 -5.032559620997844041e-01 1.667750333004373309e-01 -6.072594324723399328e-01 -3.098088286533618452e-01 9.993414693758128076e-01 -8.141411047526778827e-03 1.125052211694598826e-02 -5.405204516085329036e-01 -1.143612765535082731e+00
4.805278768825361202e-01 7.304352342858676517e-01 2.565699926691207278e-01 -1.797149994900140157e-01 4.511413986006495569e-01 2.509757599269005213e-01 -5.371031953005103166e-01 5.264884576749333245e-03 1.403963847780543561e-01 3.359459524061845226e-01
-3.243593196768845138e-02 -8.477263481825935143e-01 -8.304193745719302688e-01 -6.321369048724960749e-01 -1.687439513669662383e-01 -4.224582714942771156e-01 -5.116463838610068038e-01 -3.446063290811350321e-01 -1.675899688879559368e-01 -6.286470860604876920e-01
3.745064558193080817e-01 -8.931085553156900003e-01 -3.200646042771925215e-01 -6.033129414168200144e-01 2.622168209648336190e-01 -9.986821096188929214e-01 1.122809381266952844e+00 8.073759413657826123e-01 7.149423407886914550e-01 -2.238311910125955484e-01
-2.151390753628558694e-01 -5.163871080608080089e-01 -7.721249488261079374e-01 -1.264166849385522928e-01 -6.690476809985966833e-01 -4.328335338590444392e-01 -5.637836390511437035e-01 2.980394323761455855e+00 -8.522109126933924417e-01 -2.838214678495181165e-01
5.115793022512208355e-01 8.067036578299047189e-01 -4.548399003294972265e-01 -4.240253611323690358e-02 -4.759763231346300083e-01 -1.411754957252643050e-01 7.702258574821914394e-02 5.452178567546756005e-01 -5.782584789131173242e-01 8.417303672006902771e-01
8.178404869629670726e-01 -9.028102221238272218e-01 -2.579236014069035687e-01 -6.848451237451872453e-01 -1.627897876098239049e-01 -2.154921996362997583e-01 4.009210661911640217e-01 -1.587583181274947741e-01 1.372430304705013204e-01 -9.926588610495129528e-01
-4.720439296069603441e-02 -2.758926617454878771e-01 -3.921327337573490834e-01 -2.610369130749898292e-01 1.403008574026162858e+00 -4.549627271199719325e-01 -2.599276905300905161e-01 2.246705255998438788e-01 -9.885251288956692362e-01 -3.102269129044439300e-01
7.748531495428290228e-02 -1.206587283448024572e-01 -6.173275796090036543e-02 2.294228623018450541e-01 -5.014577292629768257e-01 2.121329984358892029e-01 -5.920891048570895432e-01 1.771029876283252702e-01 5.546105531713694248e-01 2.474246555162167849e-01
4.736070166523349001e-01 -4.315044983404689449e-01 -3.942985215407120991e-01 -3.271292111322784413e-01 -4.401564450099514358e-01 -2.541000801171175438e-01 3.704810076203153835e-01 4.254980830284955107e-01 -2.662798219752114393e-01 1.839475498259762531e+00
-9.083977554749302907e-01 -1.211564719375559429e+00 -1.873897194887986117e+00 -2.878179011427843381e+00 -2.580689168952801094e+00 4.664720119167983015e+00 -1.603839021648923335e+00 -1.879615613120467099e+00 -3.207972395645833696e+00 -2.970337466658679038e+00
5.061568306273146467e-01 -6.142465442497762051e-01 -8.666478147532933329e-01 -4.168910435701045358e-01 1.567272962623581067e+00 6.069220673812199263e-02 6.107753121752826919e-01 -5.265592265602545702e-02 -1.056807535133250431e+00 2.952099212190053557e-01
-1.148636368577546224e-01 -3.686068866011227851e-01 -2.858776784877364308e-01 7.729192699047731097e-01 -3.128401631961390261e-02 7.191710986251267368e-01 -2.392260178535214887e-01 1.412298583696811383e+00 -4.355686360994090456e-01 1.664095082229287599e-03
-1.241977437699813697e-01 2.320075140508290334e-01 -1.421079139487290144e+00 -4.711977099796487156e-01 3.545720764992302598e+00 2.690566381602644067e-02 -2.659302758239517339e-01 -1.274494849099834515e-01 -8.561612302880569070e-01 -3.187881841918619674e+00
9.200207471410413174e-01 4.158089816863179133e-01 -1.919291851218784817e-01 4.327504278622616996e-01 4.976368489257316230e-01 -1.254539178841532765e-01 1.677647162934525760e-01 -4.207669100718927080e-01 -7.247758751061559312e-01 2.717016956609167866e-01
6.360343836306210363e-01 -1.008685684884201988e-01 3.416059044597458683e-01 -2.866962997429174931e-01 1.842070243995904966e-01 4.924096576525058278e-01 -3.492528256160215006e-01 1.152838839016517847e+00 8.188397216086064009e-03 -6.980388560235525341e-01
-1.695238420690084180e-01 8.201893287373489549e-01 -9.118994460358866849e-01 -8.366051013718744933e-01 -5.799219546225949928e-01 -1.291659668866219635e-01 2.773019319010445669e-02 -3.716934545090723740e-01 -2.405322558874973260e-01 2.081810147581029946e-01
8.436968502189101660e-01 -4.178504512057696491e-02 -1.543325086560053683e-01 -2.338179662924267654e-01 2.711655818211081703e-01 2.109677925331749360e-01 -5.260834959474149780e-02 7.075103489389994449e-01 8.299685714150642490e-02 2.536086997700475743e-01
1.569582264799218030e-01 -6.303786847722633313e-01 -3.497120263172545651e-01 -3.882454328202697980e-01 -6.391598048715620983e-01 4.874278535789025590e-01 3.028478817789057032e-02 6.560734641856132976e-01 -3.016532504286440486e-01 4.443649245670738997e-03
2.186850710942205012e-01 -7.175514662514625996e-02 4.027548498255935361e-02 1.066161045910269667e-01 -4.244376782095959921e-01 7.530559355505082875e-02 4.794616387196316831e-02 -9.803629111920362238e-01 2.508455179981251559e-01 -2.043170369586193857e-01
2.471238344098349027e-02 -5.483846198361060909e-01 -3.640845322044024557e-01 -1.192210684604391446e-01 4.859619089105776668e-01 -4.022526429829386685e-01 -7.458476438337209302e-01 1.175612278670999239e-01 1.131362269206653698e-01 3.904386921619714679e-01
-3.370021637995071484e-01 -5.586035891349971916e-01 5.724411044030991436e-01 -3.834255785127788640e-01 2.311918336252382078e-01 3.812667312599501979e-01 7.738081781306971330e-01 7.168255579392368571e-02 -8.872936382590194959e-02 -7.173554271459996190e-02
-3.739860222926637973e-02 1.334702386689786469e+00 1.542769885633195281e+00 -2.004886321212172029e-01 -9.367352197238300038e-01 5.998061591322021435e-01 -1.477286340857414837e+00 5.242800515003116502e-01 -7.990856972805325809e-01 3.462756208131444469e-01
9.273599425066541002e-01 2.363109267218608811e-01 -3.838991338328407443e-01 -4.913197624661903018e-01 4.387667866772773095e-01 4.334865901123736709e-01 5.911092324146931531e-01 1.325776378334587446e-01 1.887585560196996248e-01 -4.035356116435567242e-01
9.592795283986825516e-02 -6.112648757768305297e-01 1.796154447218595851e-01 9.405745234118445541e-02 4.145270696301140423e-01 2.573357517274246775e-01 3.691056214480749054e-01 1.379338097617062164e-01 5.620453489074074271e-01 3.880888891250276578e-03
-4.689281275908410151e-01 -1.048808868813893014e-01 -6.992669878232156133e-01 -8.575611254478583412e-01 -3.137778734643649203e-01 -5.163827529590876431e-01 -2.956054955025868569e-01 3.533388658127947668e+00 -9.395834678408244711e-01 -3.446672807344388079e-01
4.116233895888157801e-02 -3.829683324873079941e-01 -7.129263249185385787e-01 -5.729973783934633191e-01 -1.278335998624387793e-01 9.537244769713689729e-01 -1.845710439340309261e-01 -1.071705577012112831e-01 -8.814452694379343312e-01 -6.038931965414603420e-01
4.625294313577574951e-02 -8.125641452230258910e-01 -2.891737728911105906e-02 -8.590814105120535560e-01 -6.911898965689637908e-01 -1.864986148043180636e-01 -6.401513860398481137e-01 -5.584032555690666699e-01 -9.969451122224270989e-01 1.161367697822988543e+00
1.937461060829440140e-01 4.853096564665345669e-01 8.212277760076255317e-01 -3.790176177452594386e-01 -4.600629528036001004e-01 -9.058155308449129528e-01 -7.569475317325651265e-01 6.581906952953228140e-01 -9.389396089994552774e-01 -8.173235289765969913e-01
-6.358316314975954731e-01 -3.601473016125219528e-01 2.355402935758368343e+00 -2.862389269340629427e-01 -6.147634551921378199e-01 -3.054529403942700672e-01 -3.741034380846713914e-02 -6.551966957925976498e-01 -4.550246101513517605e-01 -7.500713614919626293e-01
