-6.482726423863934828e-01 8.556227822037554276e-02 2.273819463520484474e-01 1.915206198986801056e-01 -1.773487613546565478e-01 -9.900667658357914513e-02 3.229899263986563129e-01 4.237256640776638217e-01 5.542582067315914296e-01 3.391993361795123813e-02
3.312353741953316111e-01 -7.525113055353738201e-02 -9.346811487069833779e-01 -2.496492370786281001e-01 -7.734857795849258144e-01 -1.122131086834529778e+00 -2.259343166793396085e-01 -8.860361472074759215e-01 -4.649076737146927152e-01 -4.460835473118250349e-01
-9.119073130516415215e-01 -1.737451137017682834e+00 -2.732122609775047728e+00 -3.145972428807928711e+00 -2.714157512678320394e+00 5.423197784130768362e+00 -1.846050088403060174e+00 -2.555262116334276357e+00 -3.716617165998515215e+00 -2.514713241803119281e+00
8.580201053940397782e-02 6.351554141428970013e-01 -8.533988635580521676e-01 -3.028407848540271563e-01 5.971559808573712047e-01 -1.280236824439432985e-01 2.583501338540390990e-01 2.961194969341542360e-01 -1.615066122761621981e-01 -3.638878667876075390e-01
-1.035097619859296936e+00 -3.769631433321166125e-02 2.076952936966692254e-01 -7.265886348140607187e-02 -3.938595759923409489e-01 -5.680411399766075453e-01 2.791989035779410822e-01 -6.058481921907541423e-01 -6.898126805941593442e-01 -1.008307285539010306e-01
-1.552622616305919245e-01 -4.301895834309791833e-01 8.119557812268806130e-01 8.901994079909637536e-01 -7.593712627812285731e-01 -3.981914374057317074e-01 -5.154008493297931315e-01 8.415793714038881379e-02 -3.675796673881244758e-01 -3.050779277759282926e-01
-1.653215923530078693e-02 9.909517011161428357e-01 4.349652377992083707e-01 1.554612119335844166e-02 -4.407808321171890475e-01 -9.480415464812325110e-02 -5.303857958177145004e-01 -5.358252929126609138e-02 3.652688875668728130e-01 -1.660197348799972994e-01
-3.222867880516782080e+00 -3.278719106086258162e+00 -2.359381780835605902e+00 -1.752345073865865244e+00 -6.394169351715817129e+00 -1.741414481278789950e+00 -4.142625359091667292e+00 -2.511861867716736807e+00 -8.115199256680539763e-01 -1.883111611755859505e+00
-1.316942586312771779e-01 1.516514196611620791e-01 -1.471542260043091410e+00 1.012314671334015731e-02 -1.191937997254366999e-01 5.435497726180047451e-01 7.005602512471313659e-02 -1.289615455870917089e-02 -4.532189334690391869e-01 4.398911915254414828e-01
-6.535900928109139585e-01 -2.967313186777837952e-01 4.632101939251098699e-01 -3.222204975251418690e-01 -1.157449718440115793e+00 -2.683967523321577620e-01 6.057797488941084330e-02 3.896967911693596364e-03 -2.665862636030523758e-01 -1.673212367976211201e+00
1.492336844733993806e-01 -2.895957589859603498e-01 5.799791815022236063e-01 3.770564794383905044e-02 -8.245434710230208353e-01 -4.656799957436091875e-02 -8.540139697989977963e-01 5.686993271548220624e-02 9.775176618672663797e-02 3.233666353259920245e-01
6.255734855751063916e-01 2.016302688007055866e-02 -3.298107100160653227e-01 -2.674628750421671752e-02 1.978645340249228779e-01 1.266431663251677553e-01 -1.058686027059627000e+00 -3.643609781928873748e-01 -2.044880546204960736e-01 -7.348777292461042832e-01
-2.200520787156142466e-01 -1.992900532536827085e-01 -2.561599704825754942e-01 5.005749203395813973e-01 4.830224071453945861e-02 -1.053083572977805693e-01 -6.340750450673517113e-02 9.456156231652284028e-01 -1.347542484831688037e-01 2.781584058213498615e-04
6.568376228969851072e-01 2.176735162190167050e-01 7.414963099464487728e-01 3.466184814100405354e-01 4.646589664192929958e-01 4.102041777785893628e-01 -5.625599764596581620e-01 -4.195161599213884651e-01 -5.680485167376533306e-01 -4.831110581584588393e-02
-7.346593114561288385e-01 -6.331287467205845010e-01 2.189502582959820476e+00 -3.311287899386894940e-01 -1.695807084918895757e+00 4.126486568946050731e-02 -1.010217663879282801e+00 2.313079310809269262e-01 -1.230663028811101345e+00 -1.600001467502517372e+00
-8.796797119053723080e-01 -8.533723847295975329e-01 -9.098998715955947114e-01 -1.176729546856875697e+00 -3.174242305235180361e-01 -1.100615712078163444e+00 -8.256440202504680137e-01 -5.869684983173104609e-01 -3.852308194078571946e-01 -9.092568921707955276e-01
-4.850541614240273525e-01 -3.950353458105710924e-01 -8.291613254110735687e-02 -8.981389884375579058e-01 1.471826542185937503e-02 7.530142837323425820e-01 -9.276335858393362777e-02 -3.091828237096199208e-02 -1.073677471732296773e+00 -5.135274479742581999e-01
-6.715137432831348452e-01 -7.076780541749123632e-01 -6.941326313864222275e-01 -6.577636254971136465e-01 1.168695932510105839e+00 -4.653634708644183160e-01 -2.001684960059963714e-01 -7.001353618794543543e-01 -9.652607116835486556e-01 -9.078669940398028659e-01
-2.996298276758924128e-01 -2.289688820558709037e-01 8.102438911875313732e-01 4.208997873488907193e-01 4.706542812880768478e-01 -7.023491663557519804e-02 3.132372471940169517e-02 -2.947489813891924215e-01 8.499212615498315249e-02 -3.713292259213855639e-01
-5.414349565763936667e+00 -2.022750419232133723e+00 -4.546417606526874877e+00 -5.089150342034093555e+00 -3.789353651444579807e+00 -2.572784884505459058e+00 -2.351595525522139241e+00 7.052230744066050327e+00 -4.288118472323445118e+00 -3.137129625250683063e+00
5.376332462770260223e-01 -1.842783593504684903e-01 -1.070905147015183578e+00 1.237617707021570861e-02 -6.944701603252424471e-01 -7.248947919015438224e-01 1.040233135249478025e+00 -3.904272098984922779e-01 1.089487887224105112e-01 -1.696869884303228368e-02
-4.709136766898587290e+00 -2.534531371165027913e+00 -2.943347713367014951e+00 -3.374136181450182015e+00 5.313960851301169797e+00 -1.106271600190921633e+00 -6.069842063198923832e+00 -1.642066187964242641e+00 -4.775452751634519544e+00 3.107850413646763510e+00
-4.124727252772065755e-01 -2.185967840332977627e-02 3.440204829813555548e-02 -6.726415360048220160e-01 1.971359218900828603e-01 3.254917886310043640e-01 4.558294251533093200e-01 1.032967077200956041e+00 1.061266914852128651e-01 2.028943826882884938e-01
-2.014581407639603583e+00 7.216871110175030246e+00 -2.305386272581019913e+00 -3.901518465505744881e+00 -5.388569352590565353e-01 -2.671045780798849023e+00 -1.924908054835963611e+00 -3.358122843808995395e+00 -4.128640220238239067e+00 -1.772181275133734246e+00
2.742624460787453922e-01 -2.580709675470073683e-01 -6.982151720330246336e-01 -1.347627836525263911e-01 4.411096455806409189e-01 1.342141448588389518e-01 2.804681203768260023e-01 2.584488858031737113e-01 4.865167036589853611e-01 4.583525550658602565e-01
4.650508260467297039e-01 4.862853691021459257e-01 -1.413563857065441298e-01 -3.984974765086705673e-01 -1.088205373217034228e-01 3.247421743787501369e-01 -1.869847821424545364e-01 -1.013643733469156372e+00 -3.000004526326415233e-01 -4.307608150752587073e-01
1.846509051166282112e-01 1.779846257418976271e-02 1.403536005561774880e-01 -8.374200404140784704e-01 2.121768914914961002e+00 -5.452216019354573229e-01 -8.385374890152853533e-01 -6.058883251742268328e-02 -8.827198777966208665e-01 -1.142923060522557099e+00
-9.075920359949013472e-01 -4.168531104416583477e-01 -5.243425541586627103e-01 -2.850451696999066198e-01 1.955227211579321445e+00 -2.323760082436624186e-01 -3.624359421369782175e-01 -1.312185737105487082e-01 6.891697212912162307e-02 -1.466150417626033819e+00
5.771598962813848654e-01 1.237282257517302864e-01 -6.096165436593049547e-01 -1.968939583852317432e-01 1.141838480894722396e+00 3.531465755450920452e-01 1.114270455564672080e-01 -3.359274107716312963e-01 -2.313484313323042885e-01 -1.352451435893830656e+00
-3.174466733524959672e+00 -4.750103586376163700e-01 -1.420087734210326635e+00 -2.654381694697893757e+00 -3.166969579747459296e+00 -1.594138057097578720e+00 -7.865060931277648715e-01 6.088071768294077479e+00 -2.322179883300544478e+00 -2.915856145328196813e+00
-6.931718689575655512e-01 1.826732337380061466e-01 -9.982384151046130860e-01 1.721983382710489119e-01 6.734714353850730362e-01 2.857319254372421569e-02 -5.735511070846318615e-01 1.167889918142945849e+00 2.364363109187231637e-01 -8.933327891803852783e-01
1.210544300415313135e+00 -4.709158304638602077e-01 -1.296108229050348948e+00 -8.592475818382464547e-01 8.355091778929780999e-02 -1.579870071717457136e-01 -2.919988283897336223e-01 -1.037483275384955272e-01 -1.231860930093779116e-01 -3.156953960476591714e-01
-3.319040027567578544e-01 -2.230326173002619428e-01 1.960199074342055814e-01 6.729881184666353100e-01 1.411358517922742528e-01 -1.046753431281468444e-02 -3.605227711358259812e-01 6.316005499536566647e-01 -1.332920362263994851e-01 -5.145166178249596101e-01
2.251129394739277867e+00 -7.449137870605523348e-01 -2.362787912475786470e-02 1.433735063959695744e-01 -2.728848288848807480e-01 -2.503808654286162061e-01 1.829636135290841903e-01 1.264210778159238213e-01 -6.369357314043959661e-01 -7.449085562957452611e-01
3.270914024411912258e-01 -7.850885858643458226e-02 -1.300538170112762182e-01 5.761330193969006475e-01 -1.257080361647218980e-01 -6.881857233985172462e-01 -6.272909402693835901e-01 4.265422345683465843e-02 -2.577737796406076032e-01 -6.832744226475310212e-01
-5.898248938004184705e-01 4.198432003434518833e+00 -5.627834602013406240e-01 -2.806817082586142778e-02 1.759161136348101895e-01 -1.845174882048698228e-01 -8.597686677113480780e-01 -3.435744270085311358e-01 -1.169544247769069845e+00 -4.987486300733207090e-01
-2.373913477011853068e+00 -1.198964813079257175e+00 -1.445266291050812391e-01 -2.047595837447214073e+00 1.123035378377485460e-01 -7.646036434465091070e-01 5.146402097922222474e+00 -1.288788819141156727e+00 -1.153123923062239875e+00 -1.689868185416566471e+00
-2.511570022623588749e-01 2.643490104276051689e-01 2.791779493714912630e-01 3.026169762185960121e-01 3.645640623478600406e-01 4.389853803801402332e-01 9.124444982939008408e-01 -3.668838899978538182e-01 -4.920228215462530419e-01 -1.958032693081180609e-01
-2.468778235262717169e-01 -3.363047017062929522e-01 -2.751051714973393736e-01 2.839008542958858516e-01 2.780333529666107473e-01 -8.845557529819557396e-02 -1.524823132833416812e-02 -7.272146708008885296e-01 -3.765583688377427407e-01 -8.067359979931579828e-01
-4.396555108186039895e-01 -1.029163904155049103e+00 -9.839197652071336730e-02 2.286273409630963094e-01 -1.685397503806190245e-01 1.775134518022402907e-01 8.216946586048143875e-01 5.828865872364905609e-01 1.225259944457967876e-01 -2.922716779162553569e-01
4.785954508603572632e-01 1.296070304005628449e-01 -3.384102629450974065e-01 9.231057398566279160e-01 2.906922251143906344e-01 -2.127849855640055743e-01 -9.390782049544989241e-02 2.978759220867125412e-01 -1.445100491072736526e+00 -1.863919452901190155e-01
1.224485191795254835e-01 -3.085309825339584422e-01 3.497623262981294223e-01 8.274861881759838778e-02 4.244733364949657695e-01 1.201111161531704802e-01 -1.060228276079613202e-01 -1.861320850684362871e-01 4.975603470218187274e-01 -4.521885119316881169e-02
5.969235846954903946e-02 8.286372332956520870e-02 -1.491454983696199055e-01 -6.953565410370087241e-01 9.186022757959695362e-01 1.207517721152007173e+00 3.435509132943099786e-01 -2.167781478090094471e-01 -4.289587115363302505e-02 -4.466390336076946910e-01
-2.681363745108870322e+00 -1.605035316813575585e+00 -3.031513856495118286e+00 6.596762320224461185e+00 -8.977746473590203502e-01 -3.368390731458591691e+00 -2.821585229331160960e+00 -1.964981232990151039e+00 -3.748540926474934309e+00 -1.348082845222988935e+00
-1.149266283892738105e+00 3.974424643582930017e-02 -2.608109431996668559e-01 -1.186113709742779854e+00 -3.012693083535752159e+00 -6.102242104222438401e-01 -2.321679984549209763e+00 4.736593001205825715e+00 -1.901743231248808952e+00 -1.879936262332381425e+00
-1.448781444116199191e-01 4.781815529097340617e-02 -5.254774179013209645e-01 -1.025927227787241769e+00 -2.903304053919412708e-01 -9.670519450039479770e-01 -8.541504156293850958e-01 -1.212857723878114566e-02 -3.368480938398573099e-01 -1.442042474909182026e-01
-3.053982208232496331e-01 1.038444361885576983e+00 1.934675497250892273e-01 -5.808482111379381641e-01 3.317322151402594343e+00 -2.016632083675383158e-01 -1.824774213838099013e-01 -7.125867051043950351e-01 -5.500604686852524905e-01 -2.644169942388769456e+00
-3.749915308004457826e-01 -5.486733820930123073e-01 1.874718738408725008e-02 2.164306812090753818e-01 2.231685485988897377e-01 2.496222893291167588e-01 -6.998181021452905270e-02 -4.635263005848457296e-01 -3.348707028055450396e-01 -4.330167836105125456e-01
8.265349518228961578e-01 7.839908997068888441e-01 4.384795079344500773e-02 -4.258631538774164671e-01 8.074808302206407107e-02 1.410310366373671324e-03 -4.979047599700777149e-01 -6.165968649185776806e-01 2.164615434209801181e-01 -2.142386978780273787e-01
-8.119302535833083923e-01 -2.631690904150199573e-01 -5.485376582685786984e-01 -5.539542290331547214e-01 -7.302505372797150063e-01 -2.929709357860261765e-01 -3.543201490442271506e-01 7.966335117527140186e-01 -8.696908916973641324e-01 7.719926860683908876e-01
-5.188532197748758623e-01 5.240760220290602289e-01 5.258711596968824731e-01 1.545006845956107544e-01 -5.172344711242867765e-01 -5.751678012414879193e-01 1.093808313638936214e-01 1.258399165228243133e+00 5.213494743697874023e-01 -4.664208077123142560e-01
1.446158790905778709e-02 3.538335584893709251e-01 -7.910821298330663609e-01 4.680916549379367762e-03 -1.321425495710718545e+00 2.174877145879278995e-01 8.225301721540501099e-02 -4.676166263381537069e-01 -5.324414703721154218e-01 -9.315883384406070666e-01
6.327635754171101468e-01 7.288857731106925808e-01 -6.678727067275447293e-02 7.565368394918825512e-02 2.775312628188631447e-01 3.354102332130913799e-01 5.810869165703330674e-01 8.929166892961774016e-01 2.040969241503397258e-01 5.755056416477060122e-01
-3.549856713639664707e-01 -9.646195617423813928e-02 -1.255274027916936319e+00 -2.712355054922916953e-01 -5.592204259386353016e-01 3.068169807016428163e-01 -5.070663252997739123e-01 -7.450898308877115239e-01 -2.231498095654739500e-01 1.606552990871963793e+00
-1.781424882518483299e+00 7.452169821479103007e+00 -5.841305678628978981e+00 -3.337789957676793762e+00 -7.721962130421968773e-01 -1.452125035654470597e+00 -1.914089871779609986e+00 -1.866357711097843097e+00 -3.933194260769161232e+00 -1.984102843974195007e+00
3.000571409229834674e-01 2.750392970470237897e-01 1.208097518832733919e-01 -4.956215567274557809e-02 2.877172977177495095e-01 -1.865931702312715115e-02 -4.524596961363037267e-02 -7.739760505290457226e-01 1.103870212427584541e-01 -3.299807089846060193e-01
-6.024179025898871442e-01 2.571730881446862571e-01 -2.458362414944053054e-01 4.013851919281422043e-01 3.207258556949358907e-01 -9.425751656436408554e-01 -7.845756293166840090e-01 3.535737569707766981e-01 -1.757274743250890059e-01 3.136093551711170019e-02
3.711172730533328357e-02 1.151580756092209085e-01 -1.815298097085916995e-01 6.971322526277009546e-01 6.955060687509071471e-01 6.959522180241349831e-01 3.179998807426190344e-01 -1.081153153680166346e-01 4.548611924773834914e-01 -1.196348846486784828e-01
-6.495649464002241080e-01 2.064640176421988382e+00 -8.814162894584512964e-01 -6.127767828790237070e-02 -2.195835840327984845e-01 -5.081839710729633142e-01 -3.765972166398817156e-01 -9.323527683255367071e-01 -1.181656550622507268e-01 -1.097620627177581243e+00
1.930166084901875287e-02 -4.276270443210773015e-02 7.781977167316387334e-01 -2.234648386154224620e-01 2.235698218063615350e-01 -6.739397666351953919e-01 3.705357241122999579e-01 -8.009876790764798304e-01 3.025803608448044552e-02 5.135803893940298348e-01
-9.073030955515494211e-01 9.277163575274013363e-01 -6.515285299597569635e-01 1.152395330214846386e-01 -3.601871683706492355e-01 -3.456023055635472629e-01 -4.517921429877599926e-01 -1.529843992703942834e-01 -1.359883227424911190e-01 -6.181588691020755144e-01
-3.764043648642641404e+00 -1.170258867277651271e+00 -2.911384946455108036e+00 -2.010398195461117421e+00 -2.868508513738655896e+00 8.850524118471120971e+00 -2.982614343460702866e+00 -1.624279889581019765e+00 -3.141957566339283581e+00 -2.235354458357578178e+00
-2.090004122936563180e-01 4.457701647413866430e-01 -3.019901871679179783e-01 -6.009363038688678715e-01 -1.075839097274716494e+00 -5.854273512358386666e-01 -7.665613580858530174e-01 1.007569120337764579e-02 -3.373508492398222813e-01 2.133696101547748025e+00
-1.035312285036166680e+00 -2.566698488243810417e-01 -4.249241498800350458e-02 -2.688228657715371894e-01 3.094696211085887216e-01 -4.440039743745430312e-01 -6.087013569279351444e-01 -4.095126657143060012e-01 -8.424770770748368776e-01 -4.080785424874061040e-01
-4.503712952404088088e-01 -7.068092254716744627e-01 -4.150870384294704230e-01 1.842482801139868065e-01 -3.859466239761745188e-01 2.992899448197168244e-01 5.232023922223658641e-01 -9.089590554570688152e-02 -3.832460713463186619e-01 -3.105251801952347290e-01
2.889811418290531564e-01 -6.864383862985170559e-01 -1.067646874924269712e-01 6.067314908274488161e-01 6.040651466563590199e-02 -4.397603884817147951e-02 -7.797872928004466742e-01 3.395329064037080902e-01 -3.205308741743219114e-01 -4.263640383788894761e-01
-3.956883791381430870e-01 -3.029113123488934578e-01 -2.208560919741288930e-01 3.095931958888765712e-01 2.873342321782582642e-01 -3.213387607697402171e-01 -1.265708762938548559e-01 1.281836487657501411e-01 6.072886748541743707e-01 -5.046850519446943739e-01
-1.874291385077239414e-01 -4.498056942330115882e-01 -2.488245590299553722e-01 3.162759620052711940e-01 4.286283715697270513e-01 5.403524731617755789e-02 -5.310200748245785807e-01 -2.281025400498580200e-02 -2.306646789338237524e-01 1.771432339854976945e-01
-2.805516808071180646e-01 -3.444172676260556787e-01 4.875466970788467358e-01 -1.974286460349241046e-01 1.426913745075036877e+00 -5.905181252016551002e-02 -6.297059910160771601e-01 -2.350928413504095038e-01 1.364393287289972917e-02 5.870514236446473522e-01
-1.382542648009347230e+00 4.307845258634252633e-02 -6.098440978844590354e-01 -8.778464169718566135e-01 -2.616840263493792063e-01 3.459841310771157863e-01 2.139531764876973607e+00 -4.358699656891391605e-01 -5.658645575781501291e-01 -2.279487568153136245e-01
-4.983147947291197144e-01 3.107878935966688072e+00 -1.994069492217529493e-01 -8.633072971256575689e-01 -3.182351152821137341e-01 -5.909413379668311539e-02 -3.618475220339366083e-01 8.848506245180019769e-02 -2.565498887316220444e-01 -4.322402223032748569e-01
-1.727520354285771165e-01 3.512328718513902936e-01 -6.132850591414130692e-01 -1.124234264753059875e+00 -8.655610786980487414e-02 -1.243207748682882835e-01 -3.547689120338919783e-02 -3.265512390286955946e-01 -3.245002964956757441e-01 3.070563721863311391e-01
-7.714192523711878302e-02 5.388615674144486833e-01 -4.573819363965448415e-01 1.288334906276970282e-01 -5.134323887499854244e-01 3.056912533353535744e-01 1.045340971854904488e+00 1.591231367640224825e-01 -4.694979078848590670e-01 -1.626859326658825489e-01
-7.014451487024145893e-01 -3.218922960908159742e-02 -1.899468652309722616e-01 -3.716787452616485687e-01 6.117336329049547494e-01 3.522750690470446422e-01 -1.462517676870640715e+00 1.864272712787131137e-01 5.958368225937293872e-01 6.157038210751090146e-01
-8.681353802405292752e-01 -2.521686830022859538e-01 -4.400937005797057600e-01 -1.449529914921179552e+00 2.217306835532455001e+00 -5.150836694827255063e-02 -7.834901118724644231e-01 -4.306281178403486010e-01 4.043111894385979788e-02 -1.096028435393660683e+00
-9.061930323046596403e-02 -4.417314363109485220e-01 -3.226393102949385305e-01 -2.775810388020621411e-01 -2.558287972274722044e-01 -4.314729930302918515e-01 3.932470801731420829e-01 -7.011885110944882094e-01 -5.197756075946220466e-01 -2.150187066387199489e-02
-3.768625191634689675e-01 9.443793811930610571e-02 1.884361074958183502e-01 5.018148964397184386e-01 -1.457361036856719971e-01 8.140958533673753328e-01 2.904654734742271871e-01 8.166839035116536527e-01 1.086305799862128003e-02 -4.030993783546265585e-01
2.099480357558874133e-01 -4.007271247859132135e-01 -1.221081653729343408e+00 -1.397465054097422887e-01 2.635788957094165608e-01 -2.590873437571942217e-01 -5.895971127435660764e-01 4.731891358622029170e-02 -9.528116943755254864e-02 -5.277678726848961110e-01
-6.557450234264907696e-01 -5.797021703908808443e-02 -1.838981693677243512e-01 -3.941875329298177855e-02 -1.015276652492469678e+00 -8.281551717707998084e-02 -4.132918072859261827e-01 -2.571654668220541007e-01 -3.686599059848956750e-01 1.905985002543788831e-01
-8.819153023384143086e-01 3.872626753668413357e+00 -2.696478918692974958e-01 -3.679789056052178431e-01 -2.597644470182863263e-01 -6.031665282333831257e-01 -7.690837311079388172e-01 -9.389591244637420786e-01 -6.674370151880405500e-01 -5.364793011458878214e-01
-1.121358078509427036e+00 -1.313122256357288631e+00 -1.182864496974612933e+00 -1.469993143228828680e+00 -1.354310298629080922e+00 -1.161871077163732391e+00 -1.930867319110368019e+00 -1.446402941431514488e+00 2.640058411175002506e-01 -5.551853375729247642e-01
4.924937894048325937e+00 -8.484506077022213599e-01 -7.656723620553047560e-01 -2.300079441212512510e+00 -9.011807578841484201e-01 -2.556113248283494954e+00 3.190810932321156979e-01 -8.761306820524824568e-01 -2.113221128795407910e+00 -1.030467128596046944e+00
-1.842743297795755575e-01 -2.666459748941947816e-01 -6.679304776607113414e-01 -6.799446935977677686e-01 1.063892159158785100e+00 -2.742262440482902131e-01 1.286089139939341486e-01 2.626091159420490539e-01 -4.248790513250236822e-01 2.209207924966262448e-01
8.354765954200393807e-02 -4.473879702223033661e-01 7.892784207982440903e-02 -6.685241031161640590e-01 1.807736163142470875e+00 5.586261834578770680e-01 -1.844968536990734265e-01 -6.364627351389408050e-01 -6.194260692463828682e-02 -1.201424152983228577e+00
-4.810835014452745639e+00 -1.318498699230630455e+00 5.662769698894141612e+00 -2.174953314082107791e+00 -1.057046592330209922e+00 -2.019611519658787380e+00 -3.495490407593601745e+00 -1.305283086628297173e+00 -4.139353491033358701e+00 -2.012219502397308624e+00
4.349969494527652358e+00 -4.418284684058341183e-01 -9.710317907398213766e-01 -9.550411588589127199e-01 -5.490388737166610467e-01 -1.437785339312366850e-01 -4.215504155170142209e-01 -1.093251176042495665e+00 -6.050451244189375410e-01 -1.024325062236795869e+00
-1.872160801916663342e+00 -3.232649179780282989e+00 -1.138279462273299014e+00 -2.640366283037897777e+00 3.261379534368269884e+00 -3.033468412809981363e+00 5.354783076436724798e+00 -2.399358401006205010e+00 -4.409365517607978902e+00 -3.878175901300522366e+00
3.373701705699482800e-01 -2.712574229007347348e-01 -6.972320530311493236e-01 4.993135823547984256e-03 -1.010014122891434329e+00 -5.448405180600258690e-01 -1.141567934940629803e+00 1.783483189600809926e-01 -4.420765535442218730e-01 -1.838601311102722458e-01
6.725612212417626523e+00 -2.065626136896636655e+00 -1.248784192820216354e+00 -2.462756353333340087e+00 -2.310377762072266083e+00 -5.014387479741709619e+00 -3.735615639903109297e+00 -2.018169042911098998e+00 -4.216682290076866124e+00 -2.233139651665128511e+00
-1.188092220456340220e+00 -6.505970267219931547e-01 -1.042290590659436189e+00 -6.591396140811198734e-01 -1.583984768390244574e-02 4.189889497533796359e+00 -1.113833520636264618e+00 -8.973075189395539608e-01 -1.803344076771288718e+00 -2.827317292616258193e-01
2.404856286056344938e-01 -1.380492899472472446e-01 -5.661898847740512997e-01 9.560370481788080799e-01 1.355531980619691379e-01 -3.615228960765486388e-01 2.670065709430920475e-01 8.744849037070036302e-02 5.805390230634454030e-01 3.891346423310567681e-01
-1.899416017214516084e-01 9.254014814473159323e-01 1.307888067480924843e-01 3.001667777368312584e-01 -6.663598212752071259e-02 -6.659860797964395340e-01 2.846452153549470232e-01 -5.508036214288353216e-01 -8.696276742527430104e-01 4.386417171826103578e-01
-2.428798352064985566e-01 1.683558024937123199e-01 -3.473189626285481252e-02 3.586617842722431004e-01 -1.860754020335191050e-01 -5.225911709144456241e-01 -1.831649125857813254e-01 6.808796198429756252e-01 -6.865123799169592367e-02 3.832646067953613539e-02
3.598144669124902495e-01 1.615912665982137897e+00 -1.259602209988542443e+00 3.720952470035407411e-01 -4.227870997007394105e-01 -1.096415150493066926e-01 -5.265597393491593392e-01 -7.908670923725737989e-01 -5.496536444486188611e-01 1.684482242795087292e-01
8.039139378555729687e-01 -1.624417401759481183e-01 2.524596911730057069e-01 -4.012224548050440098e-03 4.494424482595228421e-01 -1.988168660703976964e-01 5.734873986863536777e-01 1.442310049693721619e-01 6.932871801956375091e-02 -4.707115183105569645e-01
-5.635199762307427918e-01 -9.911933148262401516e-02 -1.711075277888182700e-01 -1.705361855797586645e-01 8.371341501321933887e-01 -2.402599522387037501e-01 -1.737038810370724828e+00 1.185902344491911897e+00 -5.915857096297189033e-01 -1.672554771604859658e+00
-6.456255152213311588e-01 -6.857980426490921377e-02 -6.510620358386125517e-01 1.022265394224238788e+00 -6.466338333791274429e-02 -1.781731573486509124e-01 -5.857931133273430735e-01 1.793841266138862522e-01 -1.038108487016853543e+00 1.357777150341708816e-01
-2.464682268477509930e-01 -1.497014355146269182e-01 5.794356089697120238e-01 4.375112511466232659e-03 8.249079519975270891e-01 -4.132548754133167357e-01 6.252600250070253773e-01 -5.514002057863463813e-02 2.505013372527576526e-02 4.581896846925511552e-02
4.480530583032044101e-02 8.264386221522515008e-01 -8.064170643815679607e-02 7.058395940358644927e-01 8.822305874393753244e-01 -8.303663113724322198e-01 -5.221494637947288187e-01 7.840981592735037919e-01 -2.210584209963932512e-01 1.341709257360683971e-01
4.516259371152670649e-02 -6.701032042779172526e-01 2.605281920970147630e-02 9.267799239065538375e-03 1.443848775744105140e-01 2.921397061020970798e-02 -1.490967931783393763e-01 2.648389398097956149e-01 1.490222048886050976e-01 -5.724832488785782658e-01
