-7.612776588360631314e-01 -4.621232398630918670e-02 -9.830699985665698470e-01 -2.352193917947841550e-01 -5.245201604878544366e-01 1.744484524779847057e+00 -3.678226486329914113e-01 -2.395390419912333535e-01 -6.171049876393209788e-01 -1.845895394749476059e-01
-2.667300122039192867e-01 -3.617228770325330300e-01 -3.653972513996667781e-01 -8.507975141473076430e-01 5.539099552286066430e-01 -1.185297518096063291e-01 9.642225184827836471e-02 -4.598585722638688367e-01 -4.794128083529235473e-01 -2.456930963862581363e-01
2.528359833336511486e-01 5.929697451468174396e-01 -7.692591818390767666e-02 -2.702214768629709329e-01 -2.044113155704999629e-01 3.507228722739005322e-01 6.130975231636038858e-01 -2.978767922378345312e-01 -9.595057534779307673e-01 -9.180571112106424847e-01
6.275029871266327719e-01 6.661581835949322017e-02 -2.304245322504806515e-01 4.191303939214731378e-02 1.939880612658306247e-01 -5.416688152262943978e-01 -9.280119122888609573e-02 -1.959766458659213673e-01 -7.066675765876573312e-01 -3.205599800786762543e-01
-5.922475526007500712e-02 -7.340177334230753026e-01 -1.168284448767300310e+00 -8.578270600305874793e-02 -3.539955433254850514e-01 -3.917921086187181046e-01 -6.559012145148614137e-02 -6.323121352610109325e-01 -5.241470531979411929e-01 -2.623266854601983833e-01
-8.522640189043919623e-01 9.675216516283985380e-02 -8.780362199441665849e-01 4.682238798558982507e-01 1.542222276772596823e-01 2.109613841469962781e-01 7.662399536406382106e-02 1.598302724109420536e+00 -3.612859788761237922e-01 -1.304736172294061358e+00
-2.025254245312117229e-01 7.173006510088208998e-01 -9.953657036990866402e-02 -4.672352543181224616e-01 -3.683776944609772896e-01 -2.588586995848108918e-01 2.443588034668376097e-01 -4.489194717768655307e-01 -1.565899380441452549e-01 7.505817155946901964e-02
-8.920413792609483972e-01 1.022558821152458330e+00 2.997766467652446809e-01 6.152937629388275688e-03 2.599602576969566869e-01 -5.639064362781498474e-01 -8.349524388690883203e-01 5.124866745122352851e-01 -1.336004137544017090e-01 -5.713073894924443064e-01
1.187651586596551595e-01 4.368746838959762790e+00 -5.184361956720316966e-01 -6.346642492792639589e-02 -3.636151790816806451e-02 -6.910726643476957642e-01 -4.111630630212529391e-01 7.846803596729054475e-02 -1.612311941362597256e+00 1.012220820271776504e-02
-1.779557974587823166e-01 -3.821400706331047337e-01 -5.365054785951357541e-01 -3.031267303180414929e-01 -7.507475994651748863e-01 9.460884817274156644e-01 -5.883062740078277564e-01 3.794278809916359907e-01 -1.557172663066664631e-01 4.629651501467910713e-01
9.321147908004071558e-01 -3.845744905421336624e-01 -2.069673432333437035e-01 -7.958536778681980506e-01 2.485211374801807593e-01 2.104710088757110187e-01 -6.961311486084472699e-01 4.868261412445869518e-01 -4.262394242383709675e-01 -3.039040441011140944e-02
-6.205239920547772625e-01 4.092285099298510254e+00 -1.810678142668269874e+00 -8.273731026088356755e-01 -2.000590633129926132e-01 -4.226029988804366200e-01 -1.098144064234080508e+00 -2.402437073278292090e-01 -6.615185089291331089e-01 -5.076796628421301749e-01
-6.630159664412391685e-01 8.331174072579908829e-01 -2.062864028653852433e-01 -1.541309412337147633e-01 1.058292879019636423e+00 1.121089596019533841e-01 -1.758570021315399579e-01 7.085672298413284720e-01 -9.472732682346514995e-04 -4.210915483807613491e-01
2.847396115151547002e-01 3.237983249703760835e-01 -2.386455921745598563e-01 -3.280888586666679818e-01 6.179235738419951440e-01 -4.002292837055896890e-01 -7.759795339039210482e-02 -5.231659866228297595e-01 -7.131726136376932423e-01 1.007842056899417721e-01
2.290264728482184764e-01 -3.960272002997795582e-01 -1.866552511983232965e-01 -2.970922099451278053e-01 -5.300286631974245044e-02 2.448820825575012960e-01 1.753679678909347839e-02 6.166018006945717111e-01 -7.923880155141558301e-01 -4.281894371816066802e-01
-5.288654246963586658e-01 -9.069197641230734852e-02 -7.526888100625238609e-01 -4.896445531693074393e-01 7.958543678337266780e-02 8.960777790901462980e-01 2.972925613251286014e-01 7.851964779048942189e-01 -9.158883432658506685e-01 -3.250654999720194449e-01
3.074884973326810766e-01 1.371035721238753613e+00 -3.512458653371741679e-01 -4.508852691436678328e-01 -1.008802608795786648e+00 -6.984803258141911719e-01 -9.810202032309647824e-02 -4.716501002350894090e-01 -1.679499925432700880e-01 8.634016975989839970e-01
-2.188504426098083488e+00 6.031870831058704141e+00 -2.185645340193825614e+00 -1.660336423786525017e+00 -1.082907399589715158e+00 -2.021825055896094625e+00 -2.396351071795990606e+00 -2.335777416960656439e+00 -3.788265102948816576e+00 -1.074498827308818294e+00
-1.572894975677482599e+00 -6.436680613285241659e-01 4.211730690264663401e-01 -5.613680171625345938e-01 5.504137916465984964e-02 -2.482626553829157257e-01 -9.321307507478626686e-01 2.683186768147141965e+00 -1.922009089470109178e+00 -3.091880735062214836e+00
-2.223295855383095043e-01 -8.146616862199361486e-02 -2.013034131005779770e-01 -2.478906455254401564e-01 -1.529774687160219415e-01 -1.193724870093357130e-04 -4.535469608247506001e-01 4.700492091079399581e-01 4.960881933585458703e-01 7.235599375901924368e-01
5.983719014415217474e-02 -9.323162064612135203e-02 -7.592553205473731026e-01 -6.804751401034890845e-01 8.101068806395155253e-01 8.693618127676878971e-02 -3.642285610495871739e-01 4.732512083195412889e-02 -1.977840099052999845e-01 -6.702985944063040158e-01
-5.354452010749571889e-01 8.116066670853054887e-01 -2.186147864435737387e-01 -3.380999944361686715e-01 1.578479443044623620e-01 -2.447299418620463851e-01 -9.575315591382216329e-01 -2.977541039391567446e-01 4.158538526713933398e-02 1.648757574180385321e-01
-3.215226310226252604e+00 -4.327823529399406510e+00 -1.968735372902207903e+00 -2.300522378019862035e+00 -3.334896658702199534e+00 -2.799344136937150562e+00 -2.681139042465886746e+00 7.444844794320749415e+00 -4.496481550889606993e+00 -3.411061448819534547e+00
2.971555236704616354e-02 6.562839077312835334e-01 -9.862044549669825300e-02 3.396864675642535802e-01 3.064424140673746022e-01 5.362200576475045777e-02 -2.079028273229379387e-01 -4.376438654488068458e-01 -4.885447393344856670e-01 -3.830307469615256972e-04
-9.865581647767646123e-02 -6.203302202824814149e-01 -6.596332489907171803e-01 -7.928348430502497879e-02 -8.020305876951804303e-01 2.423230327768894465e+00 -2.620603459330149709e-01 -4.197839494935571847e-01 -9.120364256068911324e-01 -1.434414865032289099e-01
-6.818923349515991772e-01 -5.178034999188888543e-01 1.517381646202667911e-01 -8.800197286133065733e-01 7.275864131133741308e-01 4.374372441481466089e-01 -1.467004705484037386e-01 9.200144380927706422e-02 -5.140176334362034360e-01 -3.988057091018640810e-01
-1.447313328294824730e-01 -4.184257623493988221e-01 8.434170618505564265e-01 -2.011590954672551612e-01 5.418568230691207521e-01 1.554178234773226190e-02 -4.623346523323407231e-01 -2.511511412433242163e-01 2.587385051600671337e-02 1.192105728130940845e+00
-6.083591958751901618e-01 -2.472034600449248831e-01 -4.382271481153111603e-01 -5.562560545301106218e-01 2.674797877515409650e-01 -2.331697235463608409e-01 9.373277025605077917e-01 -1.965875337470331941e-01 -3.462159175857126847e-01 -3.715836235764987117e-01
-4.707659494659309218e-01 -2.974374959019245868e-01 -6.289057784925810024e-01 6.176232719344652011e-01 -1.062507740357675895e-01 2.623005526307393698e-01 -4.908314377000366213e-01 3.483250941561548131e-01 2.013624148881444087e-01 9.583031211250487846e-01
-3.539791591764478995e-01 4.941537480968207219e-01 -4.235799015032218340e-01 -6.689669313526255268e-01 -5.970870453977462633e-01 -6.226663758576651553e-01 -5.291678867745938097e-01 -1.153583602895720706e+00 1.091615012083033132e-01 -1.233827772201914891e-01
-6.481224356160293354e-01 -1.958505925545236670e-01 -6.284176495076464197e-02 -1.360445032250509056e-01 3.711303070829197748e-01 6.709215739487295327e-01 5.301867260803387882e-01 -5.837630691534622107e-01 -1.831135132186651471e-01 4.793538616436023303e-01
-1.962527647590164570e-01 1.581170272952616251e+00 -8.568066663965989704e-01 5.458634116723409813e-01 -7.533048456333745202e-01 -6.924764705966862666e-02 -1.407930760058405673e-01 -2.956696111686257233e-01 -3.929923090641801453e-03 -6.636352642923638578e-01
-1.181418716908832212e-01 -3.397797322939342668e-01 2.280733670903208332e-01 1.786665120709405308e-01 1.642660614315573975e+00 -2.874616129333209535e-01 -1.033722418773457552e-01 -4.765086514439680343e-01 -3.375519213325275936e-01 -3.515018122503284492e-01
2.607486582684556797e+00 -1.049504221458958941e+00 -4.964560135587681167e-01 -8.594658094261374559e-02 -5.253463342941764314e-01 3.311147305784092887e-01 -7.107538323020705651e-01 -5.796128479020478119e-01 -1.034141927914463910e+00 -2.983608562111071394e-01
-1.187205913640406507e+00 -8.896314065808604843e-01 -1.097275923043979251e+00 -2.988400607960536304e-01 1.461301033829625062e-01 -3.743976879159170990e-01 8.413197284709802437e-01 -8.040121626039952174e-01 -4.715588121178700409e-01 -6.389375778303871267e-02
-4.238555059963504679e-01 8.507148128717423319e-02 -5.527666671392478248e-01 -4.688913530695781179e-02 1.657522201080572077e-01 -5.873326056376053650e-01 -6.979254478365418679e-01 3.114043297680348377e-01 -8.161920849306376624e-01 -4.147080823559998186e-01
3.655516925732498201e-01 1.092235921034231394e+00 -2.737030539112045996e-02 4.056188535246732507e-01 4.665509505489157105e-01 -2.333622901584715137e-01 -1.974177066826832694e-01 -2.484580627401590178e-02 -3.641768031499486025e-01 -5.521869122608519254e-01
5.559375843456621641e-02 1.300096648228477481e+00 -9.148811015448086170e-01 -3.515893026470348071e-01 1.506018953250847121e-02 6.484981572759066504e-01 -2.854914089618751372e-01 2.637609533256684569e-01 -5.644857423206369740e-01 -8.652975331743321119e-01
2.286601022123245855e-02 -8.801176631168841080e-01 -1.329721509034967886e+00 -3.549900061456809919e+00 -1.014094944801916309e+00 3.011733053378996328e+00 -2.015885972852651808e-01 -6.804627281510589043e-01 -1.153141329615059218e+00 4.101763849934342843e-01
3.462200879881076609e-01 -2.586826425102111693e-01 -5.054096070220358283e-03 2.228045019268544771e-02 3.787003276351528225e-01 2.057130005523477301e-01 -2.466351758401597871e-01 8.395931270569546578e-01 -6.319139585466050646e-02 -5.801382116571806025e-01
-8.184002322232112325e-01 2.209193471442706114e-01 5.702080263659783238e-03 -1.054648632253723850e+00 5.928668325951025331e-01 -2.193385441051399765e-01 -1.310294894356553441e-01 -5.041721811150891019e-01 -3.366533617166290182e-01 -1.535256904901142472e-01
2.463043949343751704e-01 5.804705663528994183e-03 3.919872379282725028e-01 -3.460886468814096117e-01 -4.156311924121780521e-01 -1.143531967410711253e-01 -1.490935066480772453e-01 -4.402916300076573086e-01 9.086865358734453890e-01 -3.991013551420515698e-02
-1.476211265597664468e-01 6.089105152560545520e-01 -3.768054060050250453e-01 -2.687470521736381457e-01 -4.309184631350969352e-02 2.229566379806994115e-03 -6.705325187627820815e-01 -7.038777268493394690e-01 5.659140829888532898e-02 -8.703098249557635890e-01
-9.790658335592390404e-01 1.156037473804341298e+00 -1.937420415636186832e-01 -2.481351911960771039e-01 -1.108403224584234570e-01 -2.864135205880655732e-01 -3.042308981120044331e-01 -6.123615741561729831e-01 -9.070867836576526066e-01 -1.405365320768467985e-01
2.978439511848534060e-01 1.442134800784684590e+00 1.936358884104791012e-01 -5.031237821218785822e-01 6.279817653453414472e-01 -1.133298648907809930e-01 -5.660693457063760148e-01 -6.817912973128115173e-01 -5.790881904147995307e-01 -6.158416575808053212e-02
-5.556298135557549145e-01 -6.105969075680194313e-01 -2.267209407928650888e-01 -1.622732138902717725e-01 1.982431859097464888e-01 -1.041134263909949953e-01 -1.212904151513856804e-01 -5.496770798116609180e-01 3.762477582165720258e-01 1.435862862208319157e-01
-1.599234540586510767e-01 1.409169781732061866e+00 -3.389671229682973963e-01 -2.836421640623177330e-03 2.449580845213945590e-01 9.902772630891079619e-02 -2.700345690849224045e-01 -3.118062960770257575e-01 1.504791076069161848e-01 2.699077537232576485e-01
1.018824897592133932e-01 -1.677730904590227778e-01 3.244600633481155294e-02 -2.325899659635596028e-01 6.513120553714153438e-01 -7.343808055704368343e-01 -3.885582504412504190e-01 8.581392862492555340e-02 -2.492261179041935226e-01 -4.130793172370431782e-02
2.544308918241128037e+00 -1.074949747664312394e+00 -3.781943814103276846e-01 -1.611059832090958155e+00 -9.826714608369326864e-01 2.747721790549611035e-02 -9.524760570725377962e-01 -6.209035838222386472e-01 -6.479688345252724302e-01 -7.777220613842562580e-01
-2.351580522044523225e-01 7.050345228315952895e-01 3.553836257164406653e-01 4.764941500400236007e-01 7.216809484282415846e-04 4.604346380397579819e-01 -2.775668583214430107e-01 -4.059065893014913162e-01 2.964880345689376306e-01 -2.328918743865489305e-01
2.231002790925927168e-02 3.579705237970736142e-01 1.591406379204498567e-01 -8.542581965975789560e-01 -2.120837921602754250e-01 -4.114275826061185998e-02 -3.885241011941391043e-01 1.156941528479302983e+00 -1.087292779808828880e-01 -3.162704047384440886e-01
3.865914592502878833e+00 9.700861555165073147e-02 -1.867701028372424910e-01 -4.796708685796835514e-01 -2.853332507514440008e-01 -2.063212287954508672e-01 -6.843761891836110944e-01 3.471712133478004336e-01 -1.719407812683434900e+00 1.985598769722466961e-01
-1.712132218852704835e+00 -1.217358472244451706e+00 -4.434500033824694043e+00 -1.773334768216052515e+00 -1.942468942454722347e+00 -1.491265811406740749e+00 5.737489989022249937e+00 -1.408348274491976193e+00 -3.626126742488251509e+00 -2.078577289688123386e+00
5.508974246934442043e+00 -1.428152831871440265e+00 -2.433795846260653040e+00 -2.498155647453543349e+00 -9.003445464733270676e-01 -1.875514748929753006e+00 -2.429573928492750223e+00 -9.853533833155448951e-01 -1.927229915245883163e+00 -1.234443359600002399e+00
-5.407324037215303081e-01 -3.595044769408184404e-02 -5.577636057127867142e-01 2.750175473788964431e-01 -1.565049608944708792e+00 3.229597098381740972e-02 6.797882508481095654e-01 -1.265471871353416544e+00 6.145843325256081791e-01 -9.476699198595854579e-02
-6.238933754872488802e-01 8.370040042475364039e-01 1.357338427304891626e-01 -9.209213317937742227e-02 -6.981382710285080062e-01 9.702419170877614463e-02 1.533892037059105262e-01 -8.452465304015092107e-01 3.516050434217456444e-01 3.146186416600488256e-01
1.478172166381624297e+00 -4.896377827760687862e-01 -1.303115587138216624e-01 -7.675599642939098244e-01 2.646668969429833984e-01 -1.025615322576400312e-01 -6.334282493508336387e-01 -4.195579816979009280e-01 -7.561595614465953519e-01 8.570177589189554856e-01
-6.821470687637594121e-01 4.256174964958878149e-01 2.226790484359523203e-01 5.595105678160350315e-01 1.840767137565844092e-01 2.912341905857154800e-01 2.662027068246600736e-01 -4.551924356855924780e-01 3.288602952239315091e-01 6.247099046379988030e-01
2.005010634103991107e-01 -9.716166810156073863e-02 5.774735499887716228e-02 -1.707122518104354017e-02 3.374472796609936237e-02 2.820944725318183521e-01 -9.540302140372382000e-01 9.975970646992529667e-02 8.693313209152156787e-03 8.235622551611571085e-01
2.446791167705713588e-01 1.174182536660492771e+00 1.311614251334087822e-01 -1.012217350886991524e-01 -1.456474253390288576e-01 2.498538902475765100e-01 -3.065515107061682620e-01 9.992450661601172401e-02 1.845040244866597012e-01 -2.382940299309688204e-02
2.201752844036501122e-01 -1.953803449430349115e-01 3.797157253013874745e-02 -6.707341797791089855e-01 -1.931536902718700988e-01 1.635548892997086834e-01 -5.862810016032182769e-01 -5.354784629555029429e-01 -4.164537243819264600e-01 -6.713924799626311279e-02
-4.994451665671981178e-01 -4.392884405638612377e-01 -5.524562961315874349e-02 -5.343568880340000549e-01 -1.064718524630283270e+00 -7.976189959196346990e-01 2.101435829501656194e+00 1.393352777731545443e-02 -3.678410572129172662e-01 1.746595114365604717e-01
-2.409003010988895188e-01 3.796086996473469477e-01 -5.377445017025651586e-01 1.783397079208717484e+00 -4.386840792692306423e-01 -2.010777018317738349e-02 -9.026610544738750130e-01 -3.266912991426910717e-01 -1.116740442390995902e+00 -3.156606293505149763e-01
3.154226393276351459e-01 -1.720112825350916808e-01 3.863948842042087550e-01 8.609106560447387091e-01 -5.361740739192062399e-01 -1.090140308588280815e+00 2.402924165940986678e-01 1.108295646929020384e+00 -2.318462725009258207e-01 -4.177698401681850804e-01
-8.820518291212879614e-02 7.412520414660255241e-01 -1.430408736543749455e-02 -6.694992563963428900e-01 -3.974969151475387652e-01 -3.597795131288948345e-01 4.776199637961627276e-01 -1.043640837644011166e+00 -1.234586203768697349e-01 -1.689122990304096905e-02
-5.398305277744634978e-01 -3.539745313963190143e-01 5.430161716166926889e-01 -1.517224868075927879e-01 3.569502107013893255e-01 4.270468461517415992e-01 -7.346501049523505023e-01 -8.023897838892528611e-01 -8.027747706525832916e-01 -7.080822952043286378e-01
1.339734549637130456e-01 -8.844055882743350194e-01 -4.782885064056409674e-01 -6.624278446703010456e-03 9.868176432519482066e-01 -7.196463086553170907e-01 -3.102400835808766938e-02 -1.237582053514576022e-02 -3.674771366543037043e-01 7.105206001294273044e-01
-6.758133945852664581e-01 9.510995732721422291e-02 1.162308473695554456e+00 2.462039808332740914e-02 -1.864337704288414055e-01 4.725123688404996303e-01 7.966353639416610122e-01 -3.657480003240937139e-02 -5.864552147193182741e-01 -8.741151885616426087e-01
-8.599202866591001970e-02 -6.581708446228315412e-02 -2.715362909606551245e-01 7.186061289452483347e-03 3.397367256635613897e-02 8.363141592918595935e-01 1.474944182197042708e-01 7.642352037633146633e-01 -9.556224590180719680e-01 -1.069139719079429951e-01
-2.927309146626477232e-01 9.255477760668245901e-01 2.514884103344258715e-01 1.430402451827056040e-02 2.811289633540268729e-01 1.989992583586953079e-01 -3.152846397821468249e-01 1.102311946524149988e+00 9.897081555423296179e-03 2.195099784272530608e-01
3.763959914770391157e-01 -4.381412692381504992e-01 2.976468525478560001e-01 5.658949159600817902e-01 -6.635835839024225580e-01 -1.649638754167908061e-01 -3.574315483164794971e-01 -2.247070704162020816e-01 3.574458338249257294e-01 -7.639179279775858145e-02
-3.393442947475821536e-01 1.551349003373751589e+00 -5.053164044187606896e-01 -3.312694546609970536e-01 -4.124022814672605453e-01 -8.502897656107688551e-02 -3.136661519472824788e-01 -1.300434249242428120e-01 -8.340504480836546941e-01 -9.535044444351479243e-01
-2.991081658859418901e+00 -3.696372832402983200e+00 -2.668383035419911842e+00 -3.927253478115880103e+00 -2.345107557341845173e+00 5.603180716906245529e+00 -1.542390765648687267e+00 -1.848777288363393945e+00 -2.749608406816104189e+00 -1.611509564506344638e+00
1.454257665702224811e+00 -2.832298457981107798e-01 7.302349315128357776e-02 4.017680666144561319e-01 -3.702424584498182902e-01 -1.148827504389385856e-01 2.964395161920695965e-01 3.204337404806603118e-01 -6.259909023091408953e-02 2.015524464997954790e-01
-4.115181911980602791e+00 -4.155554619460342103e+00 -2.083541612154638845e+00 -3.103077438929530807e+00 2.816466780118927815e+00 -2.516445364435162091e+00 -2.420390850180460518e+00 -4.974942127126865676e-01 -3.645874496947153265e+00 4.305469715135844311e+00
6.938144051935746237e-02 1.232907593753673536e+00 -1.726608984110090395e-01 2.166246437760020460e-01 -3.295444862506604622e-01 -7.572344466407538999e-01 1.066130904444929500e-01 -2.536979643972752663e-01 -8.451896310747485375e-01 -4.233334435462107054e-02
5.528242256418561817e-01 5.744150182054471587e-01 2.740979142947009839e-01 -5.923145507683846844e-01 -7.574766848109314166e-02 8.115938034953836810e-01 -2.458878465147130640e-02 1.710010495879174253e-01 -5.470097415663256468e-01 8.494098339751213755e-01
7.589105751380922360e-01 -1.426278337633392901e-01 -3.812663793814309865e-01 1.018973741715325787e-01 6.209543681339607657e-01 -3.183821464019798847e-02 1.448097984764214752e-01 3.041011548655746521e-01 -5.783929011749561894e-02 1.411268254215030660e-01
-2.927231204502582229e-01 4.706390890954893491e-01 3.206365505427363760e-01 3.014715782142976530e-01 8.413452834707674244e-01 -4.467649637419218167e-01 1.006069699171081681e-02 -8.177619885928167909e-01 3.137539151846162611e-01 -7.650588861045032329e-01
7.270569748723307302e-02 -2.249924625653327570e-01 3.689696201535215825e-01 -1.144244821203544982e-01 8.747891354673027475e-01 4.373795355880358282e-01 -4.443997578994768882e-01 1.019827239642391747e+00 8.971253747250297339e-01 -4.201048911809251440e-01
-1.078791455119351983e-01 1.204522516293594858e+00 2.870166919028995234e-01 -3.223623555038515054e-01 -3.523308902108083784e-01 -8.717979463775886451e-02 -1.311446230048263495e-01 -3.986565002431490257e-01 1.356193405769291760e-01 -1.069694546331960927e+00
1.351258948450263508e-01 -8.975487931989439838e-01 -1.058077934440517925e-01 -2.022716503061657706e-02 -1.534757617708112643e-01 -3.336185079254898045e-01 1.209983263832578732e-01 -5.076461411364759924e-01 -4.589585441761290796e-01 4.443562189651219518e-01
7.062172550003973162e-03 -2.931185880836626456e-01 -5.092676109556333319e-01 -3.363445326887983811e-01 2.102788223159099523e+00 6.309214031791235966e-01 2.581770518301187717e-03 2.992126024436256304e-01 -6.765423152732659429e-02 -1.683637128486745294e+00
6.614694295762257870e-02 1.049542888259589635e+00 -1.924409267739581431e+00 -7.476290412168653532e-01 2.881001454317273502e-01 -4.773254666079380648e-01 -6.151841341646189232e-01 8.893357905797147911e-01 1.493670694265136212e-01 -3.614649939069841666e-01
-3.779335722425496980e-01 6.057110291146385050e-02 1.107402035380117000e-01 -5.796708683564261860e-02 -5.441283169460665592e-01 -1.662731971623019334e-01 5.136883178189572963e-01 -5.381213570181739847e-01 -1.367599540729836083e-01 3.424793008738154509e-01
7.821434627008941320e-02 -3.843649558014502476e-01 3.301899810636448052e-02 1.038263924985163567e-01 1.790444196315098824e-01 2.449969909936805801e-01 6.818129290741811177e-01 1.248542883547463650e-01 -2.059852384029423333e-01 7.396679641262965399e-01
-2.485016909068127333e+00 -3.771301697575056178e+00 -3.468475412119953916e+00 -2.236178334860269956e+00 -2.405134887638216146e+00 -3.076485608817149942e+00 6.109582916588625068e+00 -1.743250217260718493e+00 -4.387542942034130533e+00 -2.758194766670978737e+00
-1.233987050804489227e+00 1.077544591081049719e+00 -5.670267483764005467e-01 -8.595549641214096370e-01 -1.923807136861544753e-01 -1.740284722008904883e-01 3.736193731941426788e-01 -1.305167426057563251e-01 2.801376923611345604e-01 6.179933589547695894e-01
-3.286009820593189801e+00 -5.454592684071306596e-01 -8.324974139782417293e-01 -1.650605863582583321e+00 5.141936745812394349e+00 -1.564157013950008057e+00 -1.740556402213545573e+00 -1.399916024292846783e+00 -2.660251902335796448e+00 -4.826867969556125182e+00
-3.549740225839598806e-01 -3.637447664402512423e-03 -1.187476124657128818e+00 -8.216732044714957217e-01 2.977208715998447719e+00 -1.603425171902745500e-02 -4.244027361950566402e-01 -2.128371623457837591e-01 -3.898682412744233772e-01 -1.107959069946789610e+00
-2.518796901782597297e-01 5.007355592020896751e-01 -4.170383218555137605e-02 -7.564902343805150753e-02 -6.753511555744375894e-01 1.147280870385930934e-01 1.223781580322969714e-01 -3.441172472594743459e-01 -1.967477131372586951e-01 3.225788383549880733e-01
-6.700316102094602821e-02 9.055479437896422068e-01 -2.134439865898889524e-02 -7.717140920435553442e-01 -1.055350201085976033e-02 -2.523540266390293663e-02 2.382596218646447772e-01 2.656785776656739873e-01 2.356665567485194124e-01 1.252961965231261243e-01
3.740880303549198316e-01 4.333244029452648083e-01 3.472449801026626925e-01 -4.294842932541986791e-01 5.039542062644906950e-02 -3.869142885417639066e-01 1.098284506040832081e-01 -1.055669411774349253e-01 6.256243607695598508e-01 -3.027221262394048096e-01
6.453911259112224963e-01 -5.509242993394724008e-01 4.800875317822799193e-01 6.797733655802462582e-02 -1.002808333323781526e-01 4.542651081918417932e-01 6.338234025083594458e-01 -8.232157891292330998e-01 -3.561705714044489657e-01 6.915794637315580973e-01
-5.619167402204754413e-01 3.450296494354823662e-01 -1.122750743944626040e+00 -8.880871000539739546e-01 2.468967852623644266e+00 -4.537282892407317192e-01 3.961494671748444496e-01 1.869757693946768051e-01 -1.350202613641085181e+00 -1.151171802634895602e+00
-3.238931660588270756e+00 -1.051571842848280314e+00 -1.757510025984193813e+00 -1.070838442665959178e+00 -3.103548294482772807e+00 5.925593160707012252e+00 -8.071615759495722742e-01 5.138672374371210799e-02 -2.982661920424213520e+00 -2.195627324383131906e+00
-2.500152724765681289e-01 3.410390820813594126e-01 -6.794745101239240137e-01 -5.129436671375766643e-01 -1.382534139288496278e-01 -3.167635019497768156e-01 -1.940792596269120054e-02 1.736392112527542109e+00 4.852426718069113853e-01 -5.528108699807197102e-01
7.843333013807766152e-01 1.086729501791337205e+00 3.485998891469070382e-01 8.305448954947892704e-01 -7.623514534831290490e-01 5.677799229257083358e-01 2.080513718208718277e-01 -5.882351283734270353e-02 -2.108858966047572336e-01 3.669120868431203775e-01
-4.077164625916405605e+00 -3.822530197483598791e+00 6.966393704984634283e+00 -2.979285774003871179e+00 -3.469436273046270891e+00 -2.408909237836594386e+00 -3.656591564628744795e+00 -2.884996648755242976e+00 -4.639950371746926372e+00 -3.581042170337125352e+00
1.234513787374768301e-01 2.700877724928464896e-01 -3.453825239814504178e-01 -5.136892966309043462e-01 7.739510292573251737e-01 -4.566055490644490567e-01 1.196307592609193171e-01 1.074785591697328346e+00 -2.633004575864486552e-01 8.640230193680022153e-02
-3.094145530933566590e+00 -2.289248036877581605e+00 -2.980208741049676036e+00 4.499454825486277620e+00 -1.570883097599076850e+00 -2.691623821666794258e-01 -4.252325934890075487e+00 -3.023588618043014264e+00 -3.635299370497782512e+00 -5.564221421040336235e-01
-2.146820834114051835e-01 -1.337638318868882292e-01 3.027144209819504495e-01 3.959906433106744617e-01 9.960201701017805664e-01 -2.245702314533655208e-01 -4.254317562849440487e-02 1.150116378707775611e-01 4.979039962044512491e-01 -1.191832564845941578e+00
-4.142018045635422752e-01 2.385032883548210969e-01 1.186327387786771714e+00 -3.169996075437280791e-01 -4.273040288637554029e-01 8.025064326639684831e-01 -2.177355866705869281e-01 7.113749159549332957e-01 -6.239219024963656990e-01 -2.606545714960428750e-02
-8.040935582592122211e-02 -1.110291176063287338e-01 -3.685013474198425842e-01 2.759262561606403916e-03 1.339715687496490504e-01 -2.460265035253774990e-01 -7.959919009843218207e-01 -5.080520189804700326e-01 1.950400538928994676e-01 3.766499183316018851e-01
-4.890810580382420718e-03 1.303620537029092530e+00 -4.298378249727456413e-01 1.932449866972001662e-01 -2.501840199376398344e-01 -5.814623372003278057e-01 1.079612697632731377e+00 -1.414303713137345098e-01 -6.842247046277977196e-01 -4.361937387063375970e-01
-3.634054061050265849e-01 -5.576994089500071361e-01 -4.100738788607216634e-02 -1.229209564721438053e+00 -4.656029005222088180e-01 1.343921116801953586e+00 3.371501091088413560e-01 -3.814097575595561396e-01 -5.759125526529583761e-01 -2.485569797068159503e-01
-4.422861435997715862e-01 -6.897553802813390922e-01 -3.399765489743028501e-02 -5.602707549845735713e-01 -1.235540422230012453e-01 1.782344276188914944e-01 1.029093613608127178e-01 -2.752927715437705203e-01 3.449361104761164420e-01 4.852400796066126676e-02
-8.585367507705295997e-01 1.112303783027277469e-02 5.417823719315282283e-01 -1.976435648937486800e-01 -1.190676744460561265e+00 1.509900213916003930e-01 6.384026756055543039e-01 1.474874600893397447e-01 1.979882194386290983e-01 -2.118544333309294314e-01
8.521238059317063351e-01 5.866059037237728591e-01 7.333209243337444061e-01 -2.297115354910118645e-01 -2.822589923911421605e-01 2.527275375341209163e-01 -3.301916063333087403e-01 1.439619714413689078e-01 4.170082781736852984e-01 5.817936655677082847e-01
-7.707397627918097793e-01 1.428788791542662029e+00 9.570100210676153740e-02 -2.185658587850890580e-02 4.089751848416041669e-01 -3.094949857097147872e-01 -4.221552445378197183e-01 -4.946573856688177284e-01 -1.486586658944440420e-01 -7.080056886877496014e-01
7.279380267545455807e-02 -5.600427830757366277e-01 1.958909223553606971e+00 1.262261721225563238e-01 -9.026940374582731463e-02 -3.766131574338193316e-02 -2.454090193532929287e-01 -1.188547463643691682e+00 -1.196707715665398020e+00 -3.145870006066617819e-01
5.175130526778771306e-02 4.299842082704989354e-01 3.513108583513307459e-01 -1.290106575407640621e+00 -8.115611993205632535e-01 -2.676771201285705892e-01 -3.976279952467367540e-01 -6.642147875228376908e-01 -1.831656005305470070e-01 3.517886505029587108e-01
4.054748593226918940e-01 2.815608020604412065e-01 1.326639071233759182e-01 -3.603888061319587277e-01 -1.480969074315990341e-01 4.298100720292144516e-01 8.149484016977696921e-02 -6.740360456362033403e-01 9.279133590211363636e-01 -7.879355919863552382e-02
-1.690297374605647385e-01 -1.426485175113272330e-01 -1.187321044261695713e+00 -7.191842027673618354e-01 1.793877474636784153e-01 5.158819672239792903e-02 -7.740430692797413137e-01 -8.907585192657380135e-02 4.842350374169429594e-02 -2.836927250360306019e-01
-4.553772113277257949e-01 1.036866914535717887e+00 1.148801045134251464e-01 -1.387060223317857777e-01 -4.504518069968285188e-01 -4.366708952004005884e-01 3.543589669843946188e-01 -1.817118942253140301e-01 1.782220732248540884e-01 -7.712132638935467188e-01
-6.261925456672148282e-01 4.806467665232701525e-01 -6.170786376255029682e-01 1.299367458246299123e-01 -7.523682978738949201e-01 -6.902293075197425409e-01 -3.951761701805347471e-01 -2.743587474361692258e-01 -4.425524339489952386e-01 -1.512635780899070082e-01
2.866092100985720426e-02 -6.206944491737578229e-01 -1.477282178332061990e+00 -3.135234852238191650e+00 -2.107832238373303468e+00 4.254800934237367827e+00 -1.405517912904471034e+00 -7.318913019774165862e-01 -2.259403543888418131e+00 -1.650490552917911247e+00
-1.162959028769254416e-01 -3.693315998071490802e-01 -2.662277344705428136e-02 -2.355623680353522431e-01 1.719640726952756493e+00 -3.862429441735423796e-01 -1.176211748375343369e+00 -1.730128319810481652e-01 -1.859424806975394917e-01 3.303371751770972087e-01
-3.327594373281575479e-01 -3.998250907162044232e-01 -1.142929997058644176e+00 -6.996067715843838908e-01 -2.220146513924122211e-01 -5.705235886809834067e-01 4.044656946745541326e+00 -5.374528765059382041e-01 -1.572277640448299207e+00 -1.165473650451310794e+00
5.988700175808440163e-01 6.627902385829267384e-01 -3.622144145534207382e-01 -2.647837053191335333e-01 -4.797750079396346234e-01 -7.283163020936332943e-01 5.824885208448253582e-02 -6.581965072282430773e-01 -2.200867971740641804e-01 3.837738109773107253e-01
-1.227559056867868925e+00 4.001374115216271843e-01 -2.171900007282817624e-01 7.654956238826339521e-02 5.276659753583932133e-01 -2.229106027276531177e-01 7.472600084486030747e-01 -1.109677649173707037e+00 -1.462428938564128422e-01 -1.171442941536389837e+00
-7.851902057693712633e-01 7.400724506930295155e-01 -5.558102676270890719e-01 -1.741433369608094139e-01 -4.440086914152102660e-01 1.451108393763441917e+00 -6.982627038612679304e-02 -1.288835179104695472e+00 7.134528494835058465e-01 2.134930762935649540e-01
7.521509064717605275e-01 -2.488914411612947464e-01 3.247189000636323958e-02 -3.135388602833056454e-02 2.971646668096111082e-02 2.757658657333710295e-01 -1.052789610162573997e+00 7.670458884911715014e-01 -2.377849291366095630e-01 6.203589044431082611e-01
-2.422230233817044276e-01 -1.489212366504440166e-01 -2.978866301116315785e-01 -5.179796297625387513e-01 2.062568051795494739e+00 -3.553347721499993533e-02 4.467772848868180602e-01 -3.062399473907501113e-01 -1.480740708024414820e+00 1.480463796780951413e-01
-1.687336428938097876e+00 6.477476273520109906e+00 -4.312421973565209399e+00 -1.035757914562757787e+00 -1.593628668039250851e+00 -6.789464219423935187e-01 -1.108651389828192224e+00 -2.131347639489078183e-01 -2.286406537287094753e+00 -7.681889345060578522e-01
-3.797073818062046136e-01 -2.252042868393901442e-01 -1.039344325570432881e+00 -2.504803529195796519e-01 2.493384390304326903e+00 -6.287360215299528932e-01 -3.606900753189165032e-01 -1.301609487389193166e-02 -5.222490889426045779e-01 -1.368916894443357735e-01
1.569389488542806410e-01 2.220705748211499742e-01 1.207670505226698277e+00 3.465087976082953380e-01 5.633392566039937405e-02 2.440555862860432912e-01 -5.787211208921473338e-01 3.032318261041000440e-02 -3.671166234664898775e-01 2.687940395056905851e-01
-9.203316750841288307e-01 -4.588504663586091548e-01 -2.365764896933181261e-01 -1.253697640517788814e-01 5.872003736990052403e-01 -3.560355846034393701e-01 -4.615038706018919079e-01 2.141034182264203722e-01 -7.210053931028820307e-01 -8.545942795141688031e-02
-1.332532074455495541e-01 -6.398014086071655004e-01 1.051656190310326311e+00 -5.535536711727532255e-01 1.517587681507308328e-01 3.727555619883454185e-01 -2.416267966840482950e-01 -6.183888274841936594e-01 -4.299705487892734324e-01 -6.845950715398871900e-01
-1.298690447836266637e+00 -1.135605440637512814e-01 -8.079735696542899026e-01 -4.229488567402504319e-03 -1.545088122690357335e-01 3.694186334940371408e-01 3.574063502446969687e-02 3.121885708046449048e-01 -1.320532721655608421e+00 -4.163465252385133847e-02
-6.436070951344929902e-02 -7.383212051986257629e-01 5.474446957504267575e-01 -3.168012720309762997e-01 -9.302806963577138211e-01 -1.001591784464296031e-01 2.111192206182435083e-01 2.047106127607702941e-01 8.635351448837248756e-02 -7.917530270326200714e-02
-4.224892947374087049e-01 -8.899146799398959251e-01 3.547263991523097904e+00 -2.488243633270670774e+00 -6.212304174012632796e-01 -7.154733732756796138e-01 -1.827214265977283647e+00 -9.218115371152688642e-01 -1.180415860534970163e+00 -7.596009429182045691e-01
-3.330975078305177917e+00 -1.396529961978997036e+00 -2.346136425186028607e+00 -5.061121180224648075e-01 -2.832485866702131094e+00 6.612245599305553334e+00 -1.134099791936352686e+00 2.352550092810824778e-02 -2.160896439790197299e+00 -2.479676886863811713e+00
2.593176893369804059e-01 8.588848220672845590e-01 -1.185942468509973979e+00 -1.611175153284909456e-01 1.421243567106478700e+00 -8.041318187183763566e-01 -6.076610073375843246e-01 -2.184845924467772871e-01 -6.727298481891647031e-01 -2.004821178716341690e-01
8.023439225405005690e-03 1.005527922123734680e-01 9.851586643380013664e-01 5.195835554352067343e-01 -1.554319976351100363e-01 1.599433571899184017e-02 -2.072468758054763494e-01 4.298809475501096100e-02 -9.027084070976838515e-01 -1.238643520669826525e+00
4.977828769988022373e+00 -1.744086692100649927e+00 -2.525388011062480231e+00 -8.719882968241292609e-01 -1.144485430708302776e+00 -8.471411527410709352e-01 -9.006002430546187210e-01 -1.110285485722780852e+00 -2.131081141994447758e+00 -1.221641213760867650e+00
1.384122140744116769e-01 1.677541534419724201e+00 -4.393352887553964581e-01 -6.770292518302261087e-01 -9.253777672543194166e-01 -1.081821953034946410e-01 -8.366025340577816216e-01 -2.382744476507205889e-01 -5.990497145260683665e-01 -6.119359614479191745e-01
-1.679953546541784748e+00 -1.433744213085794472e+00 -1.172005098213357410e+00 -1.494881274247404024e+00 -1.659131935628398002e+00 -1.662219341079216095e+00 -2.236700473392635224e+00 4.747651851481196061e+00 -2.103123142424610403e+00 -1.860222292390028231e+00
-8.827029927317661673e-02 5.664122892798559850e-01 -6.822896629118614387e-01 -6.536725982302572513e-01 9.280777877122357855e-02 2.526333923220930866e-01 2.769390401224007623e-03 6.800130117892240478e-02 1.612183447018190052e-01 -4.649434681978058537e-01
-3.988355812019694913e-02 -2.631299732694668547e-01 -5.253817963631791654e-01 -2.468405027764405957e-01 -4.911595394438189044e-01 9.104437280881803041e-01 -6.542779950251635945e-01 1.279828626031810357e-01 -8.277668521183068062e-01 -3.142316860899813102e-02
3.196475266516161096e-01 -9.826056663409432623e-02 7.685795554950841657e-02 -4.153146367081945733e-01 -1.804954097755367137e-01 -3.883679112337082295e-01 -1.523188101738214562e-01 1.199661972641103080e+00 -7.156796092692677691e-01 1.027994455014570735e-01
-4.597589135642247138e-01 -5.219355348231834446e-01 -6.974213430457727458e-01 -9.454660837268231699e-01 -7.471204339195252064e-01 -3.607620601229338808e-01 -2.606952560407650443e-01 1.790561863726499281e+00 -2.473625236114484691e-02 1.858373938566317551e-01
1.374354192414142251e+00 2.671680344918830330e-01 -3.867561416175568367e-01 -3.040720869037796814e-01 -7.019398603594124708e-01 3.114374615080324760e-01 1.073083151691851811e-01 2.878549937970616424e-01 -4.709376005470194415e-01 4.351494773881355305e-01
-9.041709851687583788e-01 -3.385810604264005708e-01 -1.237099257081647030e+00 -5.939469043853542463e-01 2.562802000708870320e-01 7.757339530459813615e-01 -5.474753311081653750e-01 -3.148343814119666795e-01 -3.477120631197266332e-01 4.118622105794729760e-01
8.677366688655152593e-01 -1.705844294072690337e-01 -6.826329652154969896e-01 -7.713763171448526634e-01 1.082329658551714618e-01 3.794517636487590995e-01 4.226400154723914948e-01 -3.203366809870740184e-01 -1.190628002860505685e-01 3.143438583067028613e-01
8.009029531793687706e-02 -2.108296456199791058e-01 -4.574067349928897519e-01 -7.139138933087809669e-01 -5.737505649749822245e-01 1.278685042818033413e+00 -3.835504783536793916e-01 -1.135034948248978548e+00 1.954993915883791039e-02 -5.924607196699498424e-01
-4.603902910466675658e-01 1.752144069384797137e-02 3.226220215521224954e-01 -2.204053814835049974e-01 1.317961000328020660e+00 3.280537283562059425e-01 -5.839459479233520822e-01 2.020484200739902647e-02 2.701925417223211348e-02 4.422793058441162328e-01
6.363071997597370688e-02 -3.355838846403187414e-01 -7.247466006202402111e-01 1.854264363818968961e-02 5.137454679333431501e-02 9.284815471552765320e-02 1.132316962107404873e-01 -4.404702663150794062e-01 -8.876301980349465826e-01 6.263767349538095219e-01
-1.587198008777159774e-01 9.215856671536021283e-01 -3.500897127998910396e-01 -2.251498927634402181e-01 7.159185018152566804e-02 4.423570599514300115e-03 -3.788092961869375941e-01 -5.752412793655229395e-01 3.711753386418417122e-01 -2.699688599916582610e-01
-3.917263997884849469e-01 -2.087560474382956333e+00 -1.144865756360238684e+00 3.272271367037137058e+00 -6.942954889178162836e-02 -7.066760744769985392e-01 -1.304546798522179696e+00 -4.282890144392323406e-01 -8.183687082708672733e-01 -9.421130796334070689e-01
-8.166562341590688501e-01 6.730127438363482650e-02 -1.702091506844828350e-01 -3.416878923868751916e-01 -4.568570857694684295e-01 1.252014955991800571e+00 -1.140803859403004550e+00 -6.231244737092441754e-01 -4.510028537485119560e-02 2.238113854344356835e-01
2.180019320123497140e-01 2.414277194913999267e-02 1.917837021934100383e-01 8.492127176695735136e-01 -1.138534865882465219e+00 -3.715132247174716962e-02 1.157412369291515170e-01 -9.502163442489622858e-01 -5.749689368452076677e-01 3.122168040591689619e-01
-5.238890494775464424e-01 -7.800016730387786257e-02 1.068907856426776437e+00 -1.013898382875906945e+00 4.955716908934321152e-01 7.065260967450776031e-02 -8.915450595598408690e-01 2.118404540622184362e-01 1.735789453250409856e-02 4.443889377793118316e-03
-8.331963841435993667e-02 1.444641942687272307e+00 -7.920531250316499572e-02 -3.387447289637952608e-01 -1.506786770940100606e-01 2.491423153263932488e-01 -6.959880637666102654e-01 -1.322331294561831239e-01 -5.714178288346229984e-01 -5.084570923983562363e-01
8.924525105338154685e-01 -2.470648787075969688e-01 2.508277901744318528e-01 3.546842434628863505e-02 1.694428225832562418e-01 1.462818726740876762e+00 -6.891850192706641121e-01 -2.504325380552177571e-01 -4.153463527487948059e-02 -2.852137817995950564e-01
-4.967455704887986379e-01 2.941313128651722231e+00 -1.143753175345892048e+00 -4.747243181720129518e-02 1.113545931189726113e-01 -2.386897794924546234e-01 -6.171686065960163559e-01 -6.905145304980471188e-01 -1.419980976890026669e+00 -2.825694258448762652e-01
-2.698975122203373100e+00 6.727801105511032276e+00 -2.682126971953672001e+00 -3.360020261787201257e+00 -1.021685254138504195e+00 -2.191180550028887897e+00 -2.577631145703350057e+00 -2.494077287809956633e+00 -4.043180760446164257e+00 -1.975352827154468471e+00
-3.402304592275895989e-01 1.003990290368659055e+00 -3.315751124272227068e-01 -3.849855924365873650e-01 3.202302452566512803e-01 -3.295256065300219417e-01 -1.877048696167433195e-01 4.805287347513543250e-01 8.524651259794512326e-01 -6.741724208649868544e-01
-9.407437922059346258e-01 -9.124135015490634215e-01 -8.695273943537685790e-01 -7.155993708833610079e-01 -1.594627811605510148e-01 -5.111233448083808417e-01 -7.579592229516589619e-01 -4.499243227218094332e-02 -9.157674864883895705e-01 5.095971812243754728e-01
1.581996464524600410e-01 1.667663436208012717e+00 -4.911048125881500304e-01 -7.694473826160393160e-02 3.020920971338729166e-01 -6.663170999241733172e-01 3.521884797537269129e-01 -1.647905387176364367e-01 4.295235005589739807e-01 7.290668488629996613e-01
-5.067203942506970371e-01 1.866726812777451117e-01 -8.754354681168137198e-01 -5.646439246161227832e-01 1.087844225727439662e+00 -6.003029376959261310e-01 -7.974116023741664172e-01 -4.593165855601610142e-02 7.252755217367521379e-01 1.558474198637700980e-01
7.669654768502168762e-01 -3.219802942231621001e-01 2.693973495229251003e-01 -1.227172141860712468e-01 -2.688512388405360221e-01 5.647851927976972608e-02 -3.359929038668944823e-02 -5.342645688932267101e-01 8.992733082966047897e-01 6.008616148166011639e-01
-8.126770686520404241e-02 2.446543154886703597e+00 -4.111409749312637807e-01 -4.633438781829923858e-01 2.969000246524616249e-01 -7.826155327584860544e-01 -9.686890970789967248e-02 4.936560424095973731e-01 -4.556138040923030097e-02 -1.001487338124158910e+00
-9.728388468887512186e-01 7.090129487000789155e-01 2.125776231772086022e-01 1.166942669650163772e-01 -1.041506564592890177e-01 5.550373541356812268e-01 -3.538068498528585404e-01 2.324000338576682687e-02 2.708427208965256683e-01 -1.598477644220539229e-01
-1.163414599161849000e-01 -1.528018756719536908e-01 2.335196680885554821e-01 5.333882052267997498e-01 4.078211197694962126e-02 3.210138014633713843e-01 5.758435899023157667e-01 -5.787642862782309550e-01 -2.602193293277217934e-01 7.530639145083772856e-01
-7.230445207956696096e-01 -2.585396004807056225e-01 -5.261715091683583090e-02 -4.872518221080240353e-01 -2.342952260376461038e-01 -1.314367868001815376e+00 -3.881898373991199414e-01 -7.247220722921174918e-01 2.075029454227217962e-01 3.231497624205999508e-01
2.099711094033404613e-01 -4.402526609008441949e-02 1.791187096767320464e-01 -3.266154542339049227e-01 7.014136257700163135e-01 2.903048457095809276e-01 -3.706435655078242630e-02 1.304514748281547509e-01 -5.932857139714332595e-01 -2.289059162201588227e-01
-1.113750109571883390e-01 9.542906611336395006e-02 -4.013893781527086979e-01 -1.970472297325778221e-01 -1.058637352650207419e-01 -1.320621625549095735e-01 -9.231143542117347112e-01 7.768010090281340929e-01 -2.717511053094983642e-01 -4.827718271584325281e-03
-3.138554855260693444e-01 2.945291458271640517e-01 -1.543006046202188286e-01 2.071604443345075736e-02 -2.740583281523175860e-02 6.142931326999392372e-01 7.074198636630812942e-01 -9.343792149587929474e-01 5.598836473809631897e-01 -1.370096496019614363e-01
1.943395222819821466e+00 -4.462590179210604857e-01 -6.854809445928188305e-01 1.324348011974219586e-01 -5.558477971255443295e-01 -2.619713355174392855e-01 -3.824770717217877425e-01 -6.136034949581883335e-01 -5.740326809530056362e-01 -5.034483432093012079e-01
1.479855209108293712e+00 1.189314233187490355e-01 -9.457265536411769702e-01 -7.365789394793322842e-01 -1.013298201360567224e-01 -1.987488482943570445e-01 5.106934834124399886e-02 -5.002615036970171208e-02 -2.760260055104968302e-01 -3.084037616709075710e-02
-4.352236711851426576e-01 -4.564337848389274366e-01 -2.780060937530065002e-01 3.017972025058859864e-01 1.380306596993247981e+00 -5.289458417598200679e-01 -1.000354531499942023e+00 9.610158211145065563e-03 -5.516615118416946101e-02 8.451710239415264822e-03
-8.783495980237036038e-01 2.984130976755692832e-01 6.417620314036868168e-01 -4.203836978553198156e-01 -5.785951967397962026e-01 -8.805397358295105614e-02 -2.014885772020346966e-01 1.290742329993423976e-01 3.082069299096700798e-01 -2.451741614571140149e-01
-1.643484026773959772e-01 3.068804978185448173e-01 -6.153218623546725663e-01 2.672564457504247870e-01 -3.554006199577890990e-01 2.043658835591239675e-01 6.487428510553239214e-01 -9.032776655150263068e-01 -9.221537486947282147e-01 -2.272633753369108223e-01
-5.000519632909028456e-01 1.587669273385540203e+00 -6.250341627881544904e-01 2.675310236104465056e-01 2.111387736962261064e-01 -7.412886972172659794e-01 -4.437590084705652083e-01 -1.698946974480520511e-01 -9.195714132019402465e-01 -3.444089382642130936e-01
-1.773880882167752970e+00 -1.366776746720652636e+00 -2.464342254614531047e-01 -1.177971601154335524e+00 -7.016603160881813572e-01 -1.218992930788113771e+00 -4.770789170191060413e-01 -1.128508806778644846e+00 -7.330005885011920963e-01 -2.770477834162098363e-01
9.139180913191582434e-01 2.367456781423311896e-01 -1.835567130759641341e-01 4.408235137936465375e-01 6.203519829657441198e-01 -3.208644561018215713e-01 -2.605951386744028153e-01 -7.243742049348732559e-01 7.740708755189577017e-01 -3.323698950582890110e-02
-5.843634327316822308e-01 -5.962682429131942463e-01 -9.642334328518739617e-02 -6.466531480377299967e-01 5.029142213123526384e-01 1.765134710841559929e-01 8.033467337245550066e-01 -3.679758981410589658e-01 2.206109150148217179e-01 -1.978050904769647067e-01
-8.454444719748179793e-01 -1.751811774285020884e-01 6.965039036918889703e-01 3.021925159210754885e-01 7.392950768361709057e-01 1.365267489744267593e+00 4.863743644743609429e-01 5.725289866625480339e-01 4.481945026599588044e-01 -8.949865289145675362e-01
5.188798898129963755e-01 1.408023296011056726e-02 1.804260722943592243e-01 -2.431409858114746692e-01 4.040561634472298880e-01 2.582922773580567655e-01 5.833181940709573909e-02 -6.185971274590795765e-01 -1.046694252815475235e+00 1.952474830171655462e-01
-1.123093899026196940e+00 1.936777256553334214e-01 -1.081570990990893127e-01 9.270842498891773698e-01 2.455341125545121017e-01 -8.648906232501078761e-02 -5.942489458936235369e-01 2.911147529926152999e-01 -3.757386916295377133e-01 5.852616284639559074e-01
-6.017226329061069190e-02 1.979165593802613976e-01 1.752036189259293941e-01 -6.169621130266069731e-01 8.209359711094453838e-01 -1.174495237951066473e+00 -6.216112968157638807e-01 -7.417028214189231861e-01 -3.087136087741841894e-01 3.189265089953964849e-01
-1.522783344419994800e-01 3.334496830457941985e-01 1.649650141230723788e-01 2.627431063386775553e-02 1.426429908238888489e+00 4.070438300529644060e-01 -2.537558083244658147e-01 3.837686157252647168e-01 -8.467008402718085858e-01 -4.679751970218162249e-01
3.534874610359993730e-01 -4.553078188665862225e-01 2.532626413483397010e-01 1.531242992750509735e-01 1.648250212757293720e-01 5.339175630546300066e-01 1.023447885522615064e-01 5.653873658075284636e-01 6.627113360583679336e-02 -5.720864254390284342e-02
-1.706486175632349611e-01 8.303575266706170188e-01 -3.591285228869279256e-01 -3.402759785969906581e-01 2.474342466921748418e-01 8.264402364211520524e-02 -8.001766137323146344e-01 -8.933931221584522353e-01 -6.494043679676608782e-01 -1.566734662683027524e-01
3.096735702986157523e-01 3.349300691845483735e-01 7.402282542097783809e-03 -7.951234430493949734e-01 8.425088829957726455e-01 -1.366636738902219650e-01 1.270005954055650754e-01 3.505608739058735379e-02 2.929685499235801238e-01 7.085342524946893761e-01
-8.823589477313752150e-02 3.858489880209547973e-01 -8.770312432059289565e-01 -3.110118726624589436e-01 -1.631370686708155382e-01 5.166457286494894330e-01 -4.858063086495754690e-01 -4.063360385929511986e-01 -1.265115732167206186e+00 -2.701800031440692099e-02
7.544522449191429225e-02 -1.057553708555045491e+00 2.218617784743774080e-01 9.318972024549673772e-02 -4.145456616468877198e-01 7.397365554897213924e-01 3.161797299574113929e-01 -1.003367249237930720e-01 -7.542171278580624971e-01 4.405795475368708969e-01
-1.770589308141269913e-01 -1.319524351416958008e-01 -2.309039256627588854e-01 -3.761588976869376655e-01 9.555606531270430803e-01 -5.665230356787835930e-01 1.844143144124257838e-01 -2.155962059368399242e-01 3.792571093866853316e-01 7.035827463111883340e-01
5.436754664048246255e+00 -1.574346950539622370e+00 -2.262836940207960890e+00 -3.551630100305583682e+00 -1.945017128906438186e+00 -3.896109448561563493e+00 -3.725709621735931787e+00 -2.220425087039707979e+00 -4.681734487978985726e+00 -2.373629173861173225e+00
-7.947890920220006539e-01 6.370085512686823881e-01 -1.712204200297285095e-01 -1.008634982639150302e+00 -2.664174864483935812e-01 -5.293748763969101656e-01 -9.816071093509506906e-02 -3.476680712182191879e-01 -3.054456967882474561e-01 -5.842527730071703229e-02
-1.660028225763776899e-01 2.479484206169243199e-01 6.007825093586065535e-01 -4.931165242373049540e-01 -3.148232113769573459e-01 -4.893961171306809299e-01 -4.586299482096577174e-02 5.578249708193299128e-01 -3.660670627014939726e-01 -7.893073083870441042e-01
2.961603693557353645e-01 6.857616870502402096e-01 1.132283098910425556e+00 1.198640251211174380e-02 6.163661955352606192e-02 -5.177128473389600583e-01 1.009096567031578795e+00 2.122119754513657475e-01 9.172093792735850140e-03 5.518123320956512534e-02
-4.874351314706200089e-01 -9.266574724538022279e-02 -6.054018107841714347e-01 -2.684919206583784995e-02 9.855344710782414086e-02 -4.075258558895483718e-01 3.415985672528477641e-03 2.000866574397924147e+00 -1.230754694282988781e+00 -1.894408735394002008e+00
-5.666345796625177345e-01 -4.140903247526513398e-01 -9.414287548909344716e-01 -3.826794127219483865e+00 -1.366251084602619237e+00 4.892643551966376236e+00 -8.978624850414811398e-01 -1.917471493913696090e+00 -2.315541637943855591e+00 -9.586864439425741846e-01
2.231288961457694064e+00 -2.985814547435917676e-01 -2.544905102773182271e-01 -2.173617643645376352e-01 -6.065803610306356175e-01 -7.463339685412215818e-01 -7.169952713838712022e-01 -4.608353807378787192e-01 -9.893302219258006680e-01 -7.824111937520453197e-02
1.691708360899554231e-01 1.803406115043875158e-01 3.093075167800429792e-01 -9.374004717209349219e-03 8.272205379299621963e-01 1.035973618710873539e-01 3.908626850716935830e-01 -3.451493178811155249e-01 -4.711828071330281809e-01 3.467560490419484553e-01
-3.410171795231432323e+00 -3.371581191477471595e+00 -2.831934553013607303e+00 -2.514491518313098251e+00 -3.771137144944926245e+00 -2.469370682508553738e+00 -2.130593589556296852e+00 -3.121108157251539339e+00 -1.966410270290780693e-01 -3.622328035500597565e+00
6.296735896081522288e-01 -4.318558833349571136e-01 -1.288212723589084174e-01 -9.494999484280304269e-01 -8.187863134261043341e-02 6.761645054446560055e-01 -6.865270918456298777e-01 4.865570356758201487e-01 1.685354290104428693e-02 1.573592239101881951e-01
-1.613357521905970371e-01 5.889086631326434507e-01 -7.001372771174401155e-01 -2.852909305178040200e-01 -2.503406284932718773e-01 -4.574424423821144559e-01 2.374748631746058380e-01 -1.228877429724496290e-01 -2.335728475106263746e-01 -2.922680504385642974e-01
